*COR    (LIBRARY)    (MAT.#)    (TEMP)K
*Number of Energies plus 1
   50
*Energy Grid ( eV )
  1.0000000E-04  9.5750000E+05  2.0000000E+06  2.2000000E+06  2.4000000E+06
  2.6000000E+06  2.8000000E+06  3.0000000E+06  3.2000000E+06  3.4000000E+06
  3.6000000E+06  3.8000000E+06  4.0000000E+06  4.2000000E+06  4.4000000E+06
  4.6000000E+06  4.8000000E+06  5.0000000E+06  5.2000000E+06  5.4000000E+06
  5.6000000E+06  5.8000000E+06  6.0000000E+06  6.5000000E+06  7.0000000E+06
  7.5000000E+06  8.0000000E+06  8.5000000E+06  9.0000000E+06  9.5000000E+06
  1.0000000E+07  1.0500000E+07  1.1000000E+07  1.1500000E+07  1.2000000E+07
  1.2500000E+07  1.3000000E+07  1.3500000E+07  1.4000000E+07  1.4500000E+07
  1.5000000E+07  1.5500000E+07  1.6000000E+07  1.6500000E+07  1.7000000E+07
  1.7500000E+07  1.8000000E+07  1.8500000E+07  1.9000000E+07  2.0000000E+07
*Cross Section (barns)
  8.7040000E-11  1.9340000E-03  3.6980000E-02  7.6810000E-02  8.4970000E-02
  8.8020000E-02  1.1460000E-01  1.6150000E-01  1.7140000E-01  2.1950000E-01
  1.8470000E-01  1.9360000E-01  3.3600000E-01  3.3950000E-01  2.9180000E-01
  2.6430000E-01  2.5210000E-01  2.4860000E-01  2.5560000E-01  2.7670000E-01
  3.0420000E-01  3.2380000E-01  3.3150000E-01  3.2950000E-01  3.3550000E-01
  3.4100000E-01  3.3790000E-01  3.4530000E-01  3.5620000E-01  3.6980000E-01
  3.8530000E-01  3.9500000E-01  3.9320000E-01  3.7890000E-01  3.5520000E-01
  3.2650000E-01  2.9670000E-01  2.6720000E-01  2.3950000E-01  2.1410000E-01
  1.9110000E-01  1.7060000E-01  1.5260000E-01  1.3670000E-01  1.2300000E-01
  1.1120000E-01  1.0110000E-01  9.2520000E-02  8.2880000E-02
*% Standard Deviation
  1.0000000E-18  1.1800000E+01  3.7210000E+00  3.3290000E+00  3.3240000E+00
  3.2730000E+00  3.3430000E+00  3.3730000E+00  3.8610000E+00  3.4330000E+00
  3.8840000E+00  4.4360000E+00  4.2230000E+00  3.9530000E+00  3.5830000E+00
  3.4530000E+00  3.5490000E+00  3.7810000E+00  3.9860000E+00  3.9670000E+00
  3.6790000E+00  3.3340000E+00  3.1150000E+00  2.9600000E+00  2.8450000E+00
  2.8260000E+00  2.8690000E+00  2.9530000E+00  3.0360000E+00  3.0610000E+00
  2.9880000E+00  2.8130000E+00  2.5730000E+00  2.3170000E+00  2.0790000E+00
  1.8610000E+00  1.6530000E+00  1.4630000E+00  1.3340000E+00  1.3140000E+00
  1.4120000E+00  1.5810000E+00  1.7670000E+00  1.9360000E+00  2.0770000E+00
  2.2020000E+00  2.3370000E+00  2.5210000E+00  2.9650000E+00
*Correlation Coefficient -- Upper Triangular
  1.0000000E+02  0.0000000E+00  0.0000000E+00  0.0000000E+00  0.0000000E+00
  0.0000000E+00  0.0000000E+00  0.0000000E+00  0.0000000E+00  0.0000000E+00
  0.0000000E+00  0.0000000E+00  0.0000000E+00  0.0000000E+00  0.0000000E+00
  0.0000000E+00  0.0000000E+00  0.0000000E+00  0.0000000E+00  0.0000000E+00
  0.0000000E+00  0.0000000E+00  0.0000000E+00  0.0000000E+00  0.0000000E+00
  0.0000000E+00  0.0000000E+00  0.0000000E+00  0.0000000E+00  0.0000000E+00
  0.0000000E+00  0.0000000E+00  0.0000000E+00  0.0000000E+00  0.0000000E+00
  0.0000000E+00  0.0000000E+00  0.0000000E+00  0.0000000E+00  0.0000000E+00
  0.0000000E+00  0.0000000E+00  0.0000000E+00  0.0000000E+00  0.0000000E+00
  0.0000000E+00  0.0000000E+00  0.0000000E+00  0.0000000E+00
  1.0000000E+02  1.0720000E+01  5.9470000E+00  1.0780000E+01  7.6070000E+00
  6.0030000E+00  9.3520000E+00  7.8050000E+00  7.5330000E+00  1.1820000E+01
  3.6670000E+00  5.3040000E+00 -5.4100000E+00  8.0910000E-01  1.3430000E+01
  1.8640000E+01  1.0430000E+01 -8.4840000E-01  3.5820000E+00  1.4380000E+01
  8.8410000E+00 -1.0420000E+01 -9.5910000E+00  1.3880000E+00  6.7870000E+00
  5.5890000E+00  4.5770000E-01 -5.7510000E+00 -1.1080000E+01 -1.4480000E+01
 -1.5330000E+01 -1.3190000E+01 -8.1070000E+00 -1.0400000E+00  6.1960000E+00
  1.1680000E+01  1.3700000E+01  1.0750000E+01  2.9410000E+00 -6.5200000E+00
 -1.4360000E+01 -1.9640000E+01 -2.2560000E+01 -2.3330000E+01 -2.1940000E+01
 -1.8310000E+01 -1.2560000E+01 -1.4870000E+00
  1.0000000E+02  6.4270000E+01  5.9400000E+01  5.9810000E+01  5.6330000E+01
  5.8010000E+01  5.2480000E+01  5.8080000E+01  4.7710000E+01  4.2860000E+01
  4.5560000E+01  4.8760000E+01  5.2400000E+01  5.3340000E+01  5.1890000E+01
  4.9570000E+01  4.8110000E+01  4.7960000E+01  4.6520000E+01  4.0820000E+01
  2.6650000E+01  1.5820000E+01  1.2530000E+01  1.1810000E+01  1.2080000E+01
  1.2600000E+01  1.3040000E+01  1.3330000E+01  1.3410000E+01  1.3170000E+01
  1.2430000E+01  1.1000000E+01  8.9270000E+00  6.5410000E+00  4.2670000E+00
  2.4300000E+00  1.2790000E+00  9.7990000E-01  1.3900000E+00  2.1250000E+00
  2.9040000E+00  3.6060000E+00  4.1780000E+00  4.5630000E+00  4.6910000E+00
  4.5020000E+00  3.6370000E+00
  1.0000000E+02  7.3200000E+01  6.9170000E+01  6.5990000E+01  6.6220000E+01
  6.0640000E+01  6.6540000E+01  5.3600000E+01  5.0230000E+01  5.2450000E+01
  5.9170000E+01  6.1960000E+01  6.0020000E+01  5.7030000E+01  5.6150000E+01
  5.6990000E+01  5.5880000E+01  5.1770000E+01  4.6190000E+01  3.3620000E+01
  2.0710000E+01  1.4550000E+01  1.2560000E+01  1.3070000E+01  1.4650000E+01
  1.6350000E+01  1.7700000E+01  1.8440000E+01  1.8330000E+01  1.7090000E+01
  1.4500000E+01  1.0780000E+01  6.6710000E+00  3.0010000E+00  4.5990000E-01
 -3.9400000E-01  6.1430000E-01  2.7530000E+00  4.9920000E+00  6.8330000E+00
  8.1700000E+00  8.9780000E+00  9.1900000E+00  8.7100000E+00  7.4900000E+00
  4.5540000E+00
  1.0000000E+02  7.2850000E+01  6.5770000E+01  6.8450000E+01  6.0440000E+01
  6.8490000E+01  5.5710000E+01  5.0280000E+01  5.4130000E+01  5.7140000E+01
  6.0750000E+01  6.2050000E+01  6.1060000E+01  5.8730000E+01  5.6540000E+01
  5.5760000E+01  5.4440000E+01  4.8370000E+01  3.1380000E+01  1.8000000E+01
  1.4220000E+01  1.3710000E+01  1.4290000E+01  1.4990000E+01  1.5460000E+01
  1.5660000E+01  1.5580000E+01  1.5140000E+01  1.4140000E+01  1.2420000E+01
  1.0040000E+01  7.3650000E+00  4.8570000E+00  2.8500000E+00  1.5820000E+00
  1.2090000E+00  1.5780000E+00  2.2950000E+00  3.0730000E+00  3.7850000E+00
  4.3750000E+00  4.7870000E+00  4.9480000E+00  4.7930000E+00  3.9740000E+00
  1.0000000E+02  6.8760000E+01  6.8860000E+01  6.2160000E+01  6.8950000E+01
  5.5990000E+01  5.1550000E+01  5.4510000E+01  5.9630000E+01  6.2960000E+01
  6.2580000E+01  6.0460000E+01  5.8780000E+01  5.8140000E+01  5.7220000E+01
  5.4420000E+01  4.8420000E+01  3.3320000E+01  1.9890000E+01  1.4790000E+01
  1.3480000E+01  1.4020000E+01  1.5170000E+01  1.6280000E+01  1.7080000E+01
  1.7430000E+01  1.7160000E+01  1.6020000E+01  1.3820000E+01  1.0710000E+01
  7.2310000E+00  4.0620000E+00  1.7240000E+00  6.2460000E-01  9.3610000E-01
  2.2100000E+00  3.7200000E+00  5.0600000E+00  6.1120000E+00  6.8320000E+00
  7.1570000E+00  7.0010000E+00  6.3030000E+00  4.3890000E+00
  1.0000000E+02  6.7970000E+01  5.8720000E+01  6.4510000E+01  5.3470000E+01
  4.8460000E+01  5.1980000E+01  5.5720000E+01  5.9220000E+01  5.9470000E+01
  5.7550000E+01  5.5430000E+01  5.4390000E+01  5.3940000E+01  5.1750000E+01
  4.5710000E+01  3.0750000E+01  1.8390000E+01  1.4070000E+01  1.2980000E+01
  1.3370000E+01  1.4220000E+01  1.5040000E+01  1.5610000E+01  1.5850000E+01
  1.5610000E+01  1.4650000E+01  1.2790000E+01  1.0110000E+01  7.0830000E+00
  4.2670000E+00  2.1090000E+00  9.5180000E-01  9.7330000E-01  1.8630000E+00
  3.0400000E+00  4.1480000E+00  5.0630000E+00  5.7330000E+00  6.0990000E+00
  6.0770000E+00  5.6060000E+00  4.1440000E+00
  1.0000000E+02  6.1380000E+01  6.6990000E+01  5.3500000E+01  4.9750000E+01
  5.2950000E+01  5.7900000E+01  6.0530000E+01  5.9890000E+01  5.8060000E+01
  5.6810000E+01  5.6210000E+01  5.4990000E+01  5.2250000E+01  4.6780000E+01
  3.2280000E+01  1.9010000E+01  1.3990000E+01  1.2830000E+01  1.3470000E+01
  1.4690000E+01  1.5800000E+01  1.6560000E+01  1.6860000E+01  1.6530000E+01
  1.5370000E+01  1.3180000E+01  1.0140000E+01  6.7750000E+00  3.7420000E+00
  1.5340000E+00  5.3700000E-01  8.9700000E-01  2.1610000E+00  3.6220000E+00
  4.9010000E+00  5.8920000E+00  6.5580000E+00  6.8420000E+00  6.6640000E+00
  5.9710000E+00  4.1160000E+00
  1.0000000E+02  6.5920000E+01  5.0760000E+01  4.3080000E+01  4.7350000E+01
  4.7500000E+01  5.2040000E+01  5.5220000E+01  5.4950000E+01  5.1750000E+01
  4.8560000E+01  4.8490000E+01  4.8470000E+01  4.2640000E+01  2.6370000E+01
  1.5100000E+01  1.2700000E+01  1.2560000E+01  1.2880000E+01  1.3090000E+01
  1.3090000E+01  1.2960000E+01  1.2740000E+01  1.2360000E+01  1.1670000E+01
  1.0490000E+01  8.8160000E+00  6.8660000E+00  4.9430000E+00  3.2590000E+00
  1.9630000E+00  1.2120000E+00  1.0490000E+00  1.2950000E+00  1.7340000E+00
  2.2380000E+00  2.7430000E+00  3.1940000E+00  3.5290000E+00  3.6780000E+00
  3.4840000E+00
  1.0000000E+02  5.2010000E+01  5.2170000E+01  5.2090000E+01  6.2520000E+01
  6.3530000E+01  5.9100000E+01  5.5380000E+01  5.5610000E+01  5.7650000E+01
  5.6080000E+01  5.1100000E+01  4.5950000E+01  3.4310000E+01  2.0950000E+01
  1.4200000E+01  1.2100000E+01  1.2790000E+01  1.4620000E+01  1.6530000E+01
  1.7990000E+01  1.8760000E+01  1.8600000E+01  1.7240000E+01  1.4490000E+01
  1.0620000E+01  6.3950000E+00  2.6720000E+00  1.5410000E-01 -5.9780000E-01
  5.6360000E-01  2.8440000E+00  5.1700000E+00  7.0470000E+00  8.3840000E+00
  9.1630000E+00  9.3260000E+00  8.7810000E+00  7.4870000E+00  4.4470000E+00
  1.0000000E+02  4.1150000E+01  4.8910000E+01  4.4270000E+01  4.4910000E+01
  4.7860000E+01  4.9690000E+01  4.8540000E+01  4.5100000E+01  4.3210000E+01
  4.3280000E+01  3.9440000E+01  2.4630000E+01  1.2890000E+01  1.0400000E+01
  1.0710000E+01  1.1570000E+01  1.2180000E+01  1.2380000E+01  1.2250000E+01
  1.1900000E+01  1.1300000E+01  1.0370000E+01  9.0050000E+00  7.2610000E+00
  5.3910000E+00  3.6810000E+00  2.3210000E+00  1.4200000E+00  1.0510000E+00
  1.1380000E+00  1.4680000E+00  1.8740000E+00  2.2740000E+00  2.6320000E+00
  2.9130000E+00  3.0720000E+00  3.0650000E+00  2.7220000E+00
  1.0000000E+02  4.2240000E+01  3.9810000E+01  4.5230000E+01  4.6580000E+01
  4.4550000E+01  4.1910000E+01  4.0970000E+01  4.1390000E+01  3.9870000E+01
  3.4660000E+01  2.3080000E+01  1.4270000E+01  1.1190000E+01  1.0230000E+01
  1.0300000E+01  1.0770000E+01  1.1300000E+01  1.1720000E+01  1.1950000E+01
  1.1850000E+01  1.1230000E+01  9.9220000E+00  7.9720000E+00  5.7090000E+00
  3.5580000E+00  1.8570000E+00  8.7340000E-01  7.6880000E-01  1.3520000E+00
  2.2010000E+00  3.0360000E+00  3.7500000E+00  4.2960000E+00  4.6210000E+00
  4.6590000E+00  4.3560000E+00  3.3110000E+00
  1.0000000E+02  8.3710000E+01  6.1430000E+01  4.4450000E+01  3.8030000E+01
  4.2110000E+01  4.8490000E+01  4.6180000E+01  3.8720000E+01  3.5360000E+01
  2.9920000E+01  1.8780000E+01  1.1220000E+01  8.6020000E+00  9.3310000E+00
  1.1540000E+01  1.3920000E+01  1.5800000E+01  1.6840000E+01  1.6830000E+01
  1.5490000E+01  1.2700000E+01  8.8060000E+00  4.6030000E+00  1.0020000E+00
 -1.2610000E+00 -1.5870000E+00  1.2460000E-01  2.9060000E+00  5.5600000E+00
  7.5940000E+00  8.9550000E+00  9.6570000E+00  9.6530000E+00  8.8630000E+00
  7.2720000E+00  3.7710000E+00
  1.0000000E+02  9.0010000E+01  6.7950000E+01  4.7380000E+01  3.9510000E+01
  4.6170000E+01  5.2850000E+01  4.6570000E+01  3.6180000E+01  2.7800000E+01
  2.1930000E+01  1.6360000E+01  1.2530000E+01  1.1190000E+01  1.1650000E+01
  1.3030000E+01  1.4630000E+01  1.6000000E+01  1.6740000E+01  1.6440000E+01
  1.4760000E+01  1.1760000E+01  8.0340000E+00  4.3940000E+00  1.5550000E+00
  1.4120000E-01  5.1190000E-01  2.1900000E+00  4.2380000E+00  6.0960000E+00
  7.5780000E+00  8.6100000E+00  9.0990000E+00  8.9170000E+00  7.9840000E+00
  5.3670000E+00
  1.0000000E+02  9.0870000E+01  6.9820000E+01  4.9200000E+01  4.2700000E+01
  5.1090000E+01  5.3930000E+01  4.2400000E+01  2.2970000E+01  1.6280000E+01
  1.5950000E+01  1.5100000E+01  1.3900000E+01  1.2800000E+01  1.2050000E+01
  1.1720000E+01  1.1730000E+01  1.1890000E+01  1.1940000E+01  1.1530000E+01
  1.0490000E+01  8.8870000E+00  6.9650000E+00  4.9340000E+00  2.9740000E+00
  1.4180000E+00  6.1190000E-01  5.2320000E-01  8.8720000E-01  1.4920000E+00
  2.2140000E+00  2.9680000E+00  3.6600000E+00  4.1790000E+00  4.4480000E+00
  1.0000000E+02  9.0990000E+01  6.7810000E+01  4.5670000E+01  4.3500000E+01
  5.2470000E+01  4.8100000E+01  2.3160000E+01  9.7790000E+00  1.0950000E+01
  1.3330000E+01  1.4300000E+01  1.3900000E+01  1.2760000E+01  1.1440000E+01
  1.0270000E+01  9.3400000E+00  8.5930000E+00  7.9140000E+00  7.1980000E+00
  6.4060000E+00  5.5270000E+00  4.4860000E+00  3.1660000E+00  1.6490000E+00
  3.3410000E-01 -4.9820000E-01 -8.7430000E-01 -9.0470000E-01 -6.6330000E-01
 -1.8770000E-01  4.8640000E-01  1.2900000E+00  2.5020000E+00
  1.0000000E+02  8.8960000E+01  6.0860000E+01  3.9690000E+01  4.2380000E+01
  4.7720000E+01  3.0400000E+01  1.0460000E+01  6.8900000E+00  9.1220000E+00
  1.2090000E+01  1.4100000E+01  1.4880000E+01  1.4680000E+01  1.3820000E+01
  1.2440000E+01  1.0560000E+01  8.2510000E+00  5.7460000E+00  3.4510000E+00
  1.7070000E+00  6.9740000E-01  4.8830000E-01  9.5900000E-01  1.7120000E+00
  2.3830000E+00  2.8590000E+00  3.1510000E+00  3.2770000E+00  3.2360000E+00
  3.0150000E+00  2.6090000E+00  1.7560000E+00
  1.0000000E+02  8.5440000E+01  5.1420000E+01  3.3510000E+01  3.8130000E+01
  3.6980000E+01  1.9590000E+01  9.4260000E+00  7.4390000E+00  9.5840000E+00
  1.2930000E+01  1.5890000E+01  1.7840000E+01  1.8620000E+01  1.8110000E+01
  1.6150000E+01  1.2720000E+01  8.2900000E+00  3.7630000E+00  8.3490000E-02
 -2.0260000E+00 -2.0090000E+00  1.1500000E-01  3.2040000E+00  5.9920000E+00
  8.0230000E+00  9.2980000E+00  9.8620000E+00  9.6930000E+00  8.7290000E+00
  6.9780000E+00  3.3200000E+00
  1.0000000E+02  8.0630000E+01  4.4850000E+01  2.8160000E+01  2.8860000E+01
  2.4630000E+01  1.6320000E+01  1.1250000E+01  9.9730000E+00  1.1030000E+01
  1.3040000E+01  1.5090000E+01  1.6670000E+01  1.7400000E+01  1.6870000E+01
  1.4830000E+01  1.1410000E+01  7.3300000E+00  3.4890000E+00  6.6170000E-01
 -4.9050000E-01  3.3560000E-01  2.4770000E+00  4.8500000E+00  6.8810000E+00
  8.4160000E+00  9.4050000E+00  9.7670000E+00  9.3840000E+00  8.1930000E+00
  5.1580000E+00
  1.0000000E+02  8.0090000E+01  4.2300000E+01  1.3410000E+01  1.2320000E+01
  1.4970000E+01  1.4590000E+01  1.3030000E+01  1.1390000E+01  1.0180000E+01
  9.5230000E+00  9.3470000E+00  9.4760000E+00  9.6540000E+00  9.5780000E+00
  9.0200000E+00  7.9610000E+00  6.5370000E+00  4.8680000E+00  3.0580000E+00
  1.4070000E+00  3.4500000E-01 -2.8780000E-02  9.0570000E-02  5.0820000E-01
  1.1060000E+00  1.8070000E+00  2.5300000E+00  3.1730000E+00  3.7750000E+00
  1.0000000E+02  7.9720000E+01  2.8220000E+01  5.8840000E+00  8.6850000E+00
  1.3620000E+01  1.6610000E+01  1.7480000E+01  1.6920000E+01  1.5680000E+01
  1.4190000E+01  1.2630000E+01  1.0990000E+01  9.2390000E+00  7.4300000E+00
  5.7430000E+00  4.3270000E+00  3.2040000E+00  2.3140000E+00  1.6220000E+00
  1.1670000E+00  9.5290000E-01  9.2120000E-01  1.0150000E+00  1.2000000E+00
  1.4550000E+00  1.7510000E+00  2.0470000E+00  2.3890000E+00
  1.0000000E+02  7.0700000E+01  3.0900000E+01  1.8950000E+01  1.9390000E+01
  2.3730000E+01  2.8150000E+01  3.1210000E+01  3.2680000E+01  3.2680000E+01
  3.1180000E+01  2.7960000E+01  2.2950000E+01  1.6630000E+01  1.0160000E+01
  4.7230000E+00  1.1640000E+00  7.7620000E-02  1.4950000E+00  4.2980000E+00
  7.1160000E+00  9.3570000E+00  1.0930000E+01  1.1840000E+01  1.2030000E+01
  1.1390000E+01  9.8760000E+00  6.3330000E+00
  1.0000000E+02  8.1190000E+01  5.9190000E+01  4.7620000E+01  4.3990000E+01
  4.4420000E+01  4.6330000E+01  4.8400000E+01  4.9920000E+01  5.0160000E+01
  4.8250000E+01  4.3390000E+01  3.5670000E+01  2.6400000E+01  1.7310000E+01
  9.8100000E+00  4.9750000E+00  3.5940000E+00  5.1800000E+00  8.1730000E+00
  1.1390000E+01  1.4320000E+01  1.6730000E+01  1.8370000E+01  1.8970000E+01
  1.8260000E+01  1.4810000E+01
  1.0000000E+02  9.2250000E+01  8.0310000E+01  7.0230000E+01  6.2600000E+01
  5.7320000E+01  5.4140000E+01  5.2540000E+01  5.1740000E+01  5.0630000E+01
  4.8020000E+01  4.3230000E+01  3.6610000E+01  2.9040000E+01  2.1180000E+01
  1.3480000E+01  6.9910000E+00  3.1360000E+00  2.0310000E+00  2.7980000E+00
  4.6600000E+00  7.1570000E+00  9.9820000E+00  1.2800000E+01  1.5210000E+01
  1.7220000E+01
  1.0000000E+02  9.6090000E+01  8.7980000E+01  7.8520000E+01  6.9620000E+01
  6.2390000E+01  5.7060000E+01  5.3150000E+01  4.9800000E+01  4.5990000E+01
  4.1090000E+01  3.5220000E+01  2.8850000E+01  2.2150000E+01  1.5040000E+01
  8.2150000E+00  3.2430000E+00  7.9340000E-01  3.4940000E-01  1.2540000E+00
  3.0970000E+00  5.6260000E+00  8.5780000E+00  1.1580000E+01  1.5210000E+01
  1.0000000E+02  9.7180000E+01  9.0400000E+01  8.2020000E+01  7.3830000E+01
  6.6570000E+01  6.0050000E+01  5.3600000E+01  4.6530000E+01  3.8720000E+01
  3.0810000E+01  2.3560000E+01  1.7260000E+01  1.1870000E+01  7.6180000E+00
  5.0470000E+00  4.1460000E+00  4.4160000E+00  5.4140000E+00  6.8820000E+00
  8.6390000E+00  1.0480000E+01  1.2120000E+01  1.3660000E+01
  1.0000000E+02  9.7690000E+01  9.2170000E+01  8.5260000E+01  7.7890000E+01
  7.0040000E+01  6.1110000E+01  5.0630000E+01  3.9060000E+01  2.7830000E+01
  1.8370000E+01  1.1460000E+01  7.4070000E+00  6.2190000E+00  7.1180000E+00
  8.9210000E+00  1.0880000E+01  1.2700000E+01  1.4250000E+01  1.5400000E+01
  1.5960000E+01  1.5730000E+01  1.3850000E+01
  1.0000000E+02  9.8190000E+01  9.3800000E+01  8.7730000E+01  7.9940000E+01
  6.9830000E+01  5.6990000E+01  4.2280000E+01  2.7840000E+01  1.5820000E+01
  7.5590000E+00  3.8840000E+00  4.8000000E+00  8.5530000E+00  1.2860000E+01
  1.6600000E+01  1.9500000E+01  2.1510000E+01  2.2490000E+01  2.2210000E+01
  2.0510000E+01  1.5630000E+01
  1.0000000E+02  9.8550000E+01  9.4620000E+01  8.8090000E+01  7.8230000E+01
  6.4540000E+01  4.8020000E+01  3.1270000E+01  1.6980000E+01  6.9890000E+00
  2.5680000E+00  3.9750000E+00  9.0830000E+00  1.4920000E+01  1.9970000E+01
  2.3880000E+01  2.6560000E+01  2.7830000E+01  2.7410000E+01  2.5100000E+01
  1.8580000E+01
  1.0000000E+02  9.8620000E+01  9.4210000E+01  8.5860000E+01  7.2840000E+01
  5.6010000E+01  3.8090000E+01  2.2110000E+01  1.0230000E+01  4.0330000E+00
  4.1990000E+00  8.8930000E+00  1.4980000E+01  2.0630000E+01  2.5270000E+01
  2.8710000E+01  3.0690000E+01  3.0850000E+01  2.8880000E+01  2.2330000E+01
  1.0000000E+02  9.8350000E+01  9.2590000E+01  8.1650000E+01  6.5970000E+01
  4.8110000E+01  3.1150000E+01  1.7400000E+01  8.5730000E+00  5.8750000E+00
  8.3840000E+00  1.3370000E+01  1.8800000E+01  2.3790000E+01  2.7970000E+01
  3.0970000E+01  3.2330000E+01  3.1610000E+01  2.6620000E+01
  1.0000000E+02  9.7800000E+01  9.0280000E+01  7.7280000E+01  6.0820000E+01
  4.3830000E+01  2.8490000E+01  1.6450000E+01  9.4630000E+00  8.0920000E+00
  1.0600000E+01  1.4880000E+01  1.9730000E+01  2.4500000E+01  2.8710000E+01
  3.1770000E+01  3.3060000E+01  3.1070000E+01
  1.0000000E+02  9.7180000E+01  8.8420000E+01  7.4950000E+01  5.9190000E+01
  4.3010000E+01  2.7680000E+01  1.5450000E+01  8.7490000E+00  7.4340000E+00
  9.5950000E+00  1.3660000E+01  1.8690000E+01  2.4060000E+01  2.9060000E+01
  3.2890000E+01  3.5050000E+01
  1.0000000E+02  9.6850000E+01  8.7990000E+01  7.5080000E+01  5.9400000E+01
  4.1600000E+01  2.4080000E+01  1.1320000E+01  5.2100000E+00  4.3410000E+00
  6.8740000E+00  1.1610000E+01  1.7750000E+01  2.4520000E+01  3.0910000E+01
  3.7640000E+01
  1.0000000E+02  9.6910000E+01  8.8440000E+01  7.5080000E+01  5.6610000E+01
  3.5150000E+01  1.6840000E+01  5.7670000E+00  1.3550000E+00  1.7060000E+00
  5.4160000E+00  1.1580000E+01  1.9370000E+01  2.7650000E+01  3.8220000E+01
  1.0000000E+02  9.6980000E+01  8.7780000E+01  7.1130000E+01  4.8280000E+01
  2.6220000E+01  1.0980000E+01  3.1130000E+00  9.1470000E-01  2.9190000E+00
  8.1600000E+00  1.5780000E+01  2.4630000E+01  3.7110000E+01
  1.0000000E+02  9.6440000E+01  8.4320000E+01  6.3340000E+01  4.0210000E+01
  2.2380000E+01  1.1680000E+01  6.9100000E+00  6.6980000E+00  1.0060000E+01
  1.6150000E+01  2.3860000E+01  3.5470000E+01
  1.0000000E+02  9.5060000E+01  7.9740000E+01  5.8950000E+01  4.0760000E+01
  2.8380000E+01  2.1400000E+01  1.8700000E+01  1.9350000E+01  2.2490000E+01
  2.7150000E+01  3.4580000E+01
  1.0000000E+02  9.4040000E+01  7.9680000E+01  6.4210000E+01  5.2050000E+01
  4.3820000E+01  3.8850000E+01  3.6310000E+01  3.5360000E+01  3.5200000E+01
  3.5140000E+01
  1.0000000E+02  9.5020000E+01  8.5350000E+01  7.5790000E+01  6.7980000E+01
  6.1790000E+01  5.6550000E+01  5.1480000E+01  4.5990000E+01  3.6920000E+01
  1.0000000E+02  9.6910000E+01  9.1400000E+01  8.5510000E+01  7.9580000E+01
  7.3110000E+01  6.5390000E+01  5.5970000E+01  3.9690000E+01
  1.0000000E+02  9.8180000E+01  9.4740000E+01  9.0080000E+01  8.3830000E+01
  7.5290000E+01  6.4080000E+01  4.3840000E+01
  1.0000000E+02  9.8680000E+01  9.5740000E+01  9.0630000E+01  8.2620000E+01
  7.1290000E+01  4.9770000E+01
  1.0000000E+02  9.8720000E+01  9.5310000E+01  8.8740000E+01  7.8450000E+01
  5.7530000E+01
  1.0000000E+02  9.8460000E+01  9.4030000E+01  8.5710000E+01  6.6870000E+01
  1.0000000E+02  9.8050000E+01  9.2520000E+01  7.7160000E+01
  1.0000000E+02  9.7680000E+01  8.7150000E+01
  1.0000000E+02  9.5020000E+01
  1.0000000E+02
