*COR    (LIBRARY)    (MAT.#)    (TEMP)K
*Number of Energies plus 1
   11
*Energy Grid ( eV )
  1.0000000E-04  1.0000000E+00  8.0000000E+01  1.5000000E+02  3.0000000E+02
  4.0000000E+02  5.0000000E+02  6.5000000E+02  2.5000000E+04  2.0000000E+06
  2.0000000E+07
*Cross Section (barns)
  2.8750000E+00  1.5090000E+01  8.3020000E-01  4.2160000E-01  5.5270000E-01
  2.7360000E-01  3.9240000E-01  1.0440000E-01  1.5260000E-02  2.6760000E-03
*% Standard Deviation
  5.0990000E+00  7.0710000E+00  1.1180000E+01  1.5810000E+01  1.5810000E+01
  1.5810000E+01  3.0410000E+01  1.1180000E+01  7.0710000E+00  3.0410000E+01
*Correlation Coefficient -- Upper Triangular
  1.0000000E+02  6.9340000E+01  4.3850000E+01  3.1010000E+01  3.1010000E+01
  3.1010000E+01  1.6120000E+01  4.3850000E+01  6.9340000E+01  1.6120000E+01
  1.0000000E+02  3.1620000E+01  2.2360000E+01  2.2360000E+01  2.2360000E+01
  1.1620000E+01  3.1620000E+01  5.0000000E+01  1.1620000E+01
  1.0000000E+02  1.4140000E+01  1.4140000E+01  1.4140000E+01  7.3520000E+00
  2.0000000E+01  3.1620000E+01  7.3520000E+00
  1.0000000E+02  1.0000000E+01  1.0000000E+01  5.1990000E+00  1.4140000E+01
  2.2360000E+01  5.1990000E+00
  1.0000000E+02  1.0000000E+01  5.1990000E+00  1.4140000E+01  2.2360000E+01
  5.1990000E+00
  1.0000000E+02  5.1990000E+00  1.4140000E+01  2.2360000E+01  5.1990000E+00
  1.0000000E+02  7.3520000E+00  1.1620000E+01  2.7030000E+00
  1.0000000E+02  3.1620000E+01  7.3520000E+00
  1.0000000E+02  1.1620000E+01
  1.0000000E+02
