   1.0250000E-10    1.3155130E+04
   1.0750000E-10    1.2845450E+04
   1.1250000E-10    1.2556840E+04
   1.1750000E-10    1.2286630E+04
   1.2375000E-10    1.1972140E+04
   1.3125000E-10    1.1624990E+04
   1.3875000E-10    1.1307290E+04
   1.4625000E-10    1.1013570E+04
   1.5500000E-10    1.0698010E+04
   1.6500000E-10    1.0368600E+04
   1.7500000E-10    1.0068100E+04
   1.8500000E-10    9.7920180E+03
   1.9500000E-10    9.5376760E+03
   2.0500000E-10    9.3027080E+03
   2.1500000E-10    9.0837320E+03
   2.2500000E-10    8.8795300E+03
   2.3500000E-10    8.6884940E+03
   2.4750000E-10    8.4660870E+03
   2.6250000E-10    8.2204760E+03
   2.7500000E-10    8.0316310E+03
   2.9000000E-10    7.8208300E+03
   3.1000000E-10    7.5643150E+03
   3.3000000E-10    7.3314950E+03
   3.5000000E-10    7.1189280E+03
   3.7000000E-10    6.9238570E+03
   3.9000000E-10    6.7439870E+03
   4.1250000E-10    6.5578670E+03
   4.3750000E-10    6.3677910E+03
   4.6250000E-10    6.1933590E+03
   4.8750000E-10    6.0323240E+03
   5.1250000E-10    5.8832070E+03
   5.3750000E-10    5.7447120E+03
   5.6250000E-10    5.6156440E+03
   5.8750000E-10    5.4948020E+03
   6.1500000E-10    5.3705210E+03
   6.4500000E-10    5.2441350E+03
   6.7500000E-10    5.1262760E+03
   7.0500000E-10    5.0164890E+03
   7.4000000E-10    4.8962810E+03
   7.8000000E-10    4.7691130E+03
   8.2000000E-10    4.6512740E+03
   8.6000000E-10    4.5417370E+03
   9.0000000E-10    4.4397020E+03
   9.4000000E-10    4.3442080E+03
   9.8000000E-10    4.2545660E+03
   1.0250000E-09    4.1601030E+03
   1.0750000E-09    4.0621730E+03
   1.1250000E-09    3.9709100E+03
   1.1750000E-09    3.8854620E+03
   1.2375000E-09    3.7860250E+03
   1.3125000E-09    3.6762480E+03
   1.3875000E-09    3.5757810E+03
   1.4625000E-09    3.4829000E+03
   1.5500000E-09    3.3831260E+03
   1.6500000E-09    3.2789540E+03
   1.7500000E-09    3.1839290E+03
   1.8500000E-09    3.0966210E+03
   1.9500000E-09    3.0161900E+03
   2.0500000E-09    2.9418860E+03
   2.1500000E-09    2.8726390E+03
   2.2500000E-09    2.8080650E+03
   2.3500000E-09    2.7476530E+03
   2.4750000E-09    2.6773410E+03
   2.6250000E-09    2.5996700E+03
   2.7500000E-09    2.5399370E+03
   2.9000000E-09    2.4733120E+03
   3.1000000E-09    2.3921920E+03
   3.3000000E-09    2.3185640E+03
   3.5000000E-09    2.2513440E+03
   3.7000000E-09    2.1896570E+03
   3.9000000E-09    2.1327760E+03
   4.1250000E-09    2.0739360E+03
   4.3750000E-09    2.0138290E+03
   4.6250000E-09    1.9586680E+03
   4.8750000E-09    1.9077450E+03
   5.1250000E-09    1.8605900E+03
   5.3750000E-09    1.8167950E+03
   5.6250000E-09    1.7759820E+03
   5.8750000E-09    1.7377690E+03
   6.1500000E-09    1.6984810E+03
   6.4500000E-09    1.6585150E+03
   6.7500000E-09    1.6212460E+03
   7.0500000E-09    1.5865300E+03
   7.4000000E-09    1.5485390E+03
   7.8000000E-09    1.5083250E+03
   8.2000000E-09    1.4710610E+03
   8.6000000E-09    1.4364210E+03
   9.0000000E-09    1.4041550E+03
   9.4000000E-09    1.3739590E+03
   9.8000000E-09    1.3456120E+03
   1.0250000E-08    1.3157580E+03
   1.0750000E-08    1.2847910E+03
   1.1250000E-08    1.2559330E+03
   1.1750000E-08    1.2289140E+03
   1.2375000E-08    1.1975190E+03
   1.3125000E-08    1.1628050E+03
   1.3875000E-08    1.1310370E+03
   1.4625000E-08    1.1016690E+03
   1.5500000E-08    1.0701650E+03
   1.6500000E-08    1.0372200E+03
   1.7500000E-08    1.0071680E+03
   1.8500000E-08    9.7955630E+02
   1.9500000E-08    9.5412020E+02
   2.0500000E-08    9.3056660E+02
   2.1500000E-08    9.0867140E+02
   2.2500000E-08    8.8825590E+02
   2.3500000E-08    8.6915580E+02
   2.4750000E-08    8.4698820E+02
   2.6250000E-08    8.2251510E+02
   2.7500000E-08    8.0355190E+02
   2.9000000E-08    7.8261710E+02
   3.1000000E-08    7.5696720E+02
   3.3000000E-08    7.3367720E+02
   3.5000000E-08    7.1241490E+02
   3.7000000E-08    6.9290480E+02
   3.9000000E-08    6.7491760E+02
   4.1250000E-08    6.5631540E+02
   4.3750000E-08    6.3735990E+02
   4.6250000E-08    6.1990510E+02
   4.8750000E-08    6.0379830E+02
   5.1250000E-08    5.8888300E+02
   5.3750000E-08    5.7503360E+02
   5.6250000E-08    5.6212980E+02
   5.8750000E-08    5.5004870E+02
   6.1500000E-08    5.3766660E+02
   6.4500000E-08    5.2503520E+02
   6.7500000E-08    5.1325900E+02
   7.0500000E-08    5.0229160E+02
   7.4000000E-08    4.9035570E+02
   7.8000000E-08    4.7764130E+02
   8.2000000E-08    4.6585830E+02
   8.6000000E-08    4.5490460E+02
   9.0000000E-08    4.4470470E+02
   9.4000000E-08    4.3515780E+02
   9.8000000E-08    4.2619770E+02
   1.0250000E-07    4.1672530E+02
   1.0750000E-07    4.0693630E+02
   1.1250000E-07    3.9781610E+02
   1.1750000E-07    3.8927820E+02
   1.2375000E-07    3.7940970E+02
   1.3125000E-07    3.6844190E+02
   1.3875000E-07    3.5841070E+02
   1.4625000E-07    3.4913840E+02
   1.5500000E-07    3.3922470E+02
   1.6500000E-07    3.2881370E+02
   1.7500000E-07    3.1932040E+02
   1.8500000E-07    3.1060180E+02
   1.9500000E-07    3.0257710E+02
   2.0500000E-07    2.9516630E+02
   2.1500000E-07    2.8826020E+02
   2.2500000E-07    2.8181850E+02
   2.3500000E-07    2.7579280E+02
   2.4750000E-07    2.6882390E+02
   2.6250000E-07    2.6107420E+02
   2.7500000E-07    2.5508420E+02
   2.9000000E-07    2.4851620E+02
   3.1000000E-07    2.4042700E+02
   3.3000000E-07    2.3308910E+02
   3.5000000E-07    2.2639340E+02
   3.7000000E-07    2.2025270E+02
   3.9000000E-07    2.1459650E+02
   4.1250000E-07    2.0877390E+02
   4.3750000E-07    2.0280110E+02
   4.6250000E-07    1.9733710E+02
   4.8750000E-07    1.9233160E+02
   5.1250000E-07    1.8763010E+02
   5.3750000E-07    1.8327900E+02
   5.6250000E-07    1.7922360E+02
   5.8750000E-07    1.7543550E+02
   6.1500000E-07    1.7155050E+02
   6.4500000E-07    1.6767330E+02
   6.7500000E-07    1.6395140E+02
   7.0500000E-07    1.6050460E+02
   7.4000000E-07    1.5674500E+02
   7.8000000E-07    1.5278800E+02
   8.2000000E-07    1.4907770E+02
   8.6000000E-07    1.4567880E+02
   9.0000000E-07    1.4251170E+02
   9.4000000E-07    1.3952290E+02
   9.8000000E-07    1.3674570E+02
   1.0250000E-06    1.3381210E+02
   1.0750000E-06    1.3076150E+02
   1.1250000E-06    1.2792500E+02
   1.1750000E-06    1.2527770E+02
   1.2375000E-06    1.2222480E+02
   1.3125000E-06    1.1889140E+02
   1.3875000E-06    1.1573790E+02
   1.4625000E-06    1.1289120E+02
   1.5500000E-06    1.0983100E+02
   1.6500000E-06    1.0662500E+02
   1.7500000E-06    1.0371800E+02
   1.8500000E-06    1.0106050E+02
   1.9500000E-06    9.8611680E+01
   2.0500000E-06    9.6367430E+01
   2.1500000E-06    9.4261390E+01
   2.2500000E-06    9.2316950E+01
   2.3500000E-06    9.0482220E+01
   2.4750000E-06    8.8395070E+01
   2.6250000E-06    8.6067720E+01
   2.7500000E-06    8.4272330E+01
   2.9000000E-06    8.2330560E+01
   3.1000000E-06    7.9936510E+01
   3.3000000E-06    7.7777450E+01
   3.5000000E-06    7.5829480E+01
   3.7000000E-06    7.4087350E+01
   3.9000000E-06    7.2423910E+01
   4.1250000E-06    7.0768310E+01
   4.3750000E-06    6.9069770E+01
   4.6250000E-06    6.7523680E+01
   4.8750000E-06    6.6131940E+01
   5.1250000E-06    6.4843610E+01
   5.3750000E-06    6.3666730E+01
   5.6250000E-06    6.2590210E+01
   5.8750000E-06    6.1630600E+01
   6.1500000E-06    6.0600130E+01
   6.4500000E-06    5.9598590E+01
   6.7500000E-06    5.8666360E+01
   7.0500000E-06    5.7823330E+01
   7.4000000E-06    5.6923500E+01
   7.8000000E-06    5.5996270E+01
   8.2000000E-06    5.5173040E+01
   8.6000000E-06    5.4431210E+01
   9.0000000E-06    5.3791960E+01
   9.4000000E-06    5.3201910E+01
   9.8000000E-06    5.2687510E+01
   1.0250000E-05    5.2176580E+01
   1.0750000E-05    5.1686160E+01
   1.1250000E-05    5.1276000E+01
   1.1750000E-05    5.0939250E+01
   1.2375000E-05    5.0618150E+01
   1.3125000E-05    5.0363950E+01
   1.3875000E-05    5.0227710E+01
   1.4625000E-05    5.0198530E+01
   1.5500000E-05    5.0355050E+01
   1.6500000E-05    5.0689220E+01
   1.7500000E-05    5.1229700E+01
   1.8500000E-05    5.1978680E+01
   1.9500000E-05    5.2943190E+01
   2.0500000E-05    5.4125860E+01
   2.1500000E-05    5.5540070E+01
   2.2500000E-05    5.7275370E+01
   2.3500000E-05    5.9294390E+01
   2.4750000E-05    6.2319650E+01
   2.6250000E-05    6.6849280E+01
   2.7500000E-05    7.1542430E+01
   2.9000000E-05    7.8676860E+01
   3.1000000E-05    9.1601280E+01
   3.3000000E-05    1.1058570E+02
   3.5000000E-05    1.3988480E+02
   3.7000000E-05    1.8842610E+02
   3.9000000E-05    2.7815330E+02
   4.1250000E-05    5.2176070E+02
   4.3750000E-05    1.7340320E+03
   4.6250000E-05    1.1082400E+05
   4.8750000E-05    1.1569800E+04
   5.1250000E-05    9.0164680E+02
   5.3750000E-05    3.4201450E+02
   5.6250000E-05    1.8554200E+02
   5.8750000E-05    1.2061300E+02
   6.1500000E-05    8.5742290E+01
   6.4500000E-05    6.5437830E+01
   6.7500000E-05    5.4225320E+01
   7.0500000E-05    4.7942670E+01
   7.4000000E-05    4.4785170E+01
   7.8000000E-05    4.5996390E+01
   8.2000000E-05    5.6307050E+01
   8.6000000E-05    1.0286640E+02
   9.0000000E-05    2.3546820E+03
   9.4000000E-05    1.3138350E+04
   9.8000000E-05    1.2514920E+02
   1.0250000E-04    5.2667310E+01
   1.0750000E-04    3.6250490E+01
   1.1250000E-04    3.0768390E+01
   1.1750000E-04    2.8335680E+01
   1.2375000E-04    2.6943550E+01
   1.3125000E-04    2.6247710E+01
   1.3875000E-04    2.6084450E+01
   1.4625000E-04    2.6197960E+01
   1.5500000E-04    2.6547290E+01
   1.6500000E-04    2.7123550E+01
   1.7500000E-04    2.7854740E+01
   1.8500000E-04    2.8741130E+01
   1.9500000E-04    2.9826580E+01
   2.0500000E-04    3.1228810E+01
   2.1500000E-04    3.3233880E+01
   2.2500000E-04    3.6760170E+01
   2.3500000E-04    4.6140360E+01
   2.4750000E-04    4.9141210E+03
   2.6250000E-04    1.4765500E+02
   2.7500000E-04    6.0890690E+01
   2.9000000E-04    9.2782970E+01
   3.1000000E-04    1.3184130E+04
   3.3000000E-04    1.1323360E+04
   3.5000000E-04    1.6801140E+02
   3.7000000E-04    8.1964730E+01
   3.9000000E-04    6.2829880E+01
   4.1250000E-04    5.5607470E+01
   4.3750000E-04    6.0855180E+01
   4.6250000E-04    1.0579520E+03
   4.8750000E-04    3.5617250E+03
   5.1250000E-04    5.6165570E+02
   5.3750000E-04    1.4301870E+04
   5.6250000E-04    4.3277950E+02
   5.8750000E-04    1.7800790E+02
   6.1500000E-04    1.1916770E+02
   6.4500000E-04    1.3376890E+02
   6.7500000E-04    2.9536470E+03
   7.0500000E-04    1.5440280E+02
   7.4000000E-04    1.0328110E+04
   7.8000000E-04    2.9941290E+02
   8.2000000E-04    1.6954250E+02
   8.6000000E-04    1.9643550E+02
   9.0000000E-04    1.2077180E+03
   9.4000000E-04    3.7711880E+03
   9.8000000E-04    1.8217550E+02
   1.0250000E-03    1.4938480E+02
   1.0750000E-03    1.3557100E+02
   1.1250000E-03    7.9632120E+02
   1.1750000E-03    1.2108320E+02
   1.2375000E-03    1.0583420E+02
   1.3125000E-03    2.3876370E+03
   1.3875000E-03    1.0119730E+03
   1.4625000E-03    2.3334400E+03
   1.5500000E-03    1.8098400E+02
   1.6500000E-03    2.5393790E+03
   1.7500000E-03    3.7495450E+02
   1.8500000E-03    8.7378520E+02
   1.9500000E-03    2.4322570E+03
   2.0500000E-03    6.1263820E+02
   2.1500000E-03    2.8129860E+02
   2.2500000E-03    3.1229860E+02
   2.3500000E-03    3.8493680E+02
   2.4750000E-03    6.6254500E+02
   2.6250000E-03    1.3735660E+03
   2.7500000E-03    3.0225370E+03
   2.9000000E-03    1.2628960E+03
   3.1000000E-03    1.2045970E+03
   3.3000000E-03    4.8069540E+02
   3.5000000E-03    3.4502950E+03
   3.7000000E-03    1.9474040E+03
   3.9000000E-03    3.0894570E+03
   4.1250000E-03    1.1435710E+03
   4.3750000E-03    1.7384090E+03
   4.6250000E-03    2.2923640E+03
   4.8750000E-03    2.5816820E+03
   5.1250000E-03    2.5030010E+03
   5.3750000E-03    1.1739640E+03
   5.6250000E-03    4.3938090E+03
   5.8750000E-03    2.6363520E+03
   6.1500000E-03    2.9559400E+03
   6.4500000E-03    3.9385890E+03
   6.7500000E-03    1.1583660E+03
   7.0500000E-03    2.5128350E+03
   7.4000000E-03    2.0034010E+03
   7.8000000E-03    2.4536250E+03
   8.2000000E-03    3.6661460E+03
   8.6000000E-03    2.3369860E+03
   9.0000000E-03    4.1654610E+03
   9.4000000E-03    3.7344230E+03
   9.8000000E-03    3.1901620E+03
   1.0250000E-02    3.0453550E+03
   1.0750000E-02    3.1430360E+03
   1.1250000E-02    3.2397920E+03
   1.1750000E-02    3.3355980E+03
   1.2375000E-02    3.4537180E+03
   1.3125000E-02    3.5955290E+03
   1.3875000E-02    3.7357020E+03
   1.4625000E-02    3.8741510E+03
   1.5500000E-02    4.0344620E+03
   1.6500000E-02    4.2162480E+03
   1.7500000E-02    4.3958620E+03
   1.8500000E-02    4.5742950E+03
   1.9500000E-02    4.7502390E+03
   2.0500000E-02    4.9252210E+03
   2.1500000E-02    5.0989500E+03
   2.2500000E-02    5.2706750E+03
   2.3500000E-02    5.4407540E+03
   2.4750000E-02    5.6502060E+03
   2.6250000E-02    5.9017970E+03
   2.7500000E-02    6.1102550E+03
   2.9000000E-02    6.3552280E+03
   3.1000000E-02    6.6785860E+03
   3.3000000E-02    6.9975620E+03
   3.5000000E-02    7.3120400E+03
   3.7000000E-02    7.6232150E+03
   3.9000000E-02    7.9303690E+03
   4.1250000E-02    8.2728270E+03
   4.3750000E-02    8.6508220E+03
   4.6250000E-02    9.0236630E+03
   4.8750000E-02    9.3919210E+03
   5.1250000E-02    9.7567930E+03
   5.3750000E-02    1.0118700E+04
   5.6250000E-02    1.0476700E+04
   5.8750000E-02    1.0830920E+04
   6.1500000E-02    1.1216530E+04
   6.4500000E-02    1.1633390E+04
   6.7500000E-02    1.2044910E+04
   7.0500000E-02    1.2452620E+04
   7.4000000E-02    1.2916800E+04
   7.8000000E-02    1.3441430E+04
   8.2000000E-02    1.3957590E+04
   8.6000000E-02    1.4467830E+04
   9.0000000E-02    1.4976260E+04
   9.4000000E-02    1.5473670E+04
   9.8000000E-02    1.5969230E+04
   1.0250000E-01    1.7935580E+04
   1.0750000E-01    1.8537610E+04
   1.1250000E-01    1.9139650E+04
   1.1750000E-01    1.9741700E+04
   1.2375000E-01    2.0495310E+04
   1.3125000E-01    2.1398320E+04
   1.3875000E-01    2.2301340E+04
   1.4625000E-01    2.3204380E+04
   1.5500000E-01    2.4183740E+04
   1.6500000E-01    2.5237820E+04
   1.7500000E-01    2.6291910E+04
   1.8500000E-01    2.7346020E+04
   1.9500000E-01    2.8400150E+04
   2.0500000E-01    2.9383000E+04
   2.1500000E-01    3.0270750E+04
   2.2500000E-01    3.1157670E+04
   2.3500000E-01    3.2044590E+04
   2.4750000E-01    3.3151550E+04
   2.6250000E-01    3.4440570E+04
   2.7500000E-01    3.5423670E+04
   2.9000000E-01    3.6394080E+04
   3.1000000E-01    3.7594500E+04
   3.3000000E-01    3.8833500E+04
   3.5000000E-01    4.0052700E+04
   3.7000000E-01    4.1199550E+04
   3.9000000E-01    4.2334150E+04
   4.1250000E-01    4.3487580E+04
   4.3750000E-01    4.4588160E+04
   4.6250000E-01    4.5685970E+04
   4.8750000E-01    4.6676050E+04
   5.1250000E-01    4.7593740E+04
   5.3750000E-01    4.8531200E+04
   5.6250000E-01    4.9372050E+04
   5.8750000E-01    5.0139140E+04
   6.1500000E-01    5.0887070E+04
   6.4500000E-01    5.1709070E+04
   6.7500000E-01    5.2430280E+04
   7.0500000E-01    5.3127250E+04
   7.4000000E-01    5.3956210E+04
   7.8000000E-01    5.4864000E+04
   8.2000000E-01    5.5765530E+04
   8.6000000E-01    5.6604390E+04
   9.0000000E-01    5.7299510E+04
   9.4000000E-01    5.8016090E+04
   9.8000000E-01    5.8743790E+04
   1.0500000E+00    6.0012670E+04
   1.1500000E+00    6.1617010E+04
   1.2500000E+00    6.3274840E+04
   1.3500000E+00    6.5158690E+04
   1.4500000E+00    6.7231660E+04
   1.5500000E+00    6.9757070E+04
   1.6500000E+00    7.2732680E+04
   1.7500000E+00    7.6128490E+04
   1.8500000E+00    7.9835100E+04
   1.9500000E+00    8.3812690E+04
   2.0500000E+00    8.7971500E+04
   2.1500000E+00    9.2181010E+04
   2.2500000E+00    9.6390430E+04
   2.3500000E+00    1.0059990E+05
   2.4500000E+00    1.0480930E+05
   2.5500000E+00    1.0903990E+05
   2.6500000E+00    1.1329230E+05
   2.7500000E+00    1.1754470E+05
   2.8500000E+00    1.2179710E+05
   2.9500000E+00    1.2604940E+05
   3.0500000E+00    1.2969580E+05
   3.1500000E+00    1.3272330E+05
   3.2500000E+00    1.3575080E+05
   3.3500000E+00    1.3877810E+05
   3.4500000E+00    1.4180590E+05
   3.5500000E+00    1.4442190E+05
   3.6500000E+00    1.4661660E+05
   3.7500000E+00    1.4881130E+05
   3.8500000E+00    1.5100590E+05
   3.9500000E+00    1.5320050E+05
   4.0500000E+00    1.5532580E+05
   4.1500000E+00    1.5737990E+05
   4.2500000E+00    1.5943400E+05
   4.3500000E+00    1.6148810E+05
   4.4500000E+00    1.6354220E+05
   4.5500000E+00    1.6537570E+05
   4.6500000E+00    1.6698230E+05
   4.7500000E+00    1.6858890E+05
   4.8500000E+00    1.7019560E+05
   4.9500000E+00    1.7180220E+05
   5.0500000E+00    1.7354660E+05
   5.1500000E+00    1.7543360E+05
   5.2500000E+00    1.7732050E+05
   5.3500000E+00    1.7920820E+05
   5.4500000E+00    1.8106060E+05
   5.5500000E+00    1.8281500E+05
   5.6500000E+00    1.8449280E+05
   5.7500000E+00    1.8617050E+05
   5.8500000E+00    1.8784820E+05
   5.9500000E+00    1.8952580E+05
   6.0500000E+00    1.9110690E+05
   6.1500000E+00    1.9258790E+05
   6.2500000E+00    1.9406900E+05
   6.3500000E+00    1.9555000E+05
   6.4500000E+00    1.9703100E+05
   6.5500000E+00    1.9847490E+05
   6.6500000E+00    1.9988010E+05
   6.7500000E+00    2.0128550E+05
   6.8500000E+00    2.0269070E+05
   6.9500000E+00    2.0409610E+05
   7.0500000E+00    2.0536330E+05
   7.1500000E+00    2.0649600E+05
   7.2500000E+00    2.0762860E+05
   7.3500000E+00    2.0876120E+05
   7.4500000E+00    2.0989390E+05
   7.5500000E+00    2.1100290E+05
   7.6500000E+00    2.1208740E+05
   7.7500000E+00    2.1317190E+05
   7.8500000E+00    2.1425640E+05
   7.9500000E+00    2.1534090E+05
   8.0500000E+00    2.1650670E+05
   8.1500000E+00    2.1775750E+05
   8.2500000E+00    2.1900810E+05
   8.3500000E+00    2.2025890E+05
   8.4500000E+00    2.2150960E+05
   8.5500000E+00    2.2273750E+05
   8.6500000E+00    2.2394130E+05
   8.7500000E+00    2.2514510E+05
   8.8500000E+00    2.2634890E+05
   8.9500000E+00    2.2755280E+05
   9.0500000E+00    2.2875120E+05
   9.1500000E+00    2.2994400E+05
   9.2500000E+00    2.3113690E+05
   9.3500000E+00    2.3232980E+05
   9.4500000E+00    2.3352270E+05
   9.5500000E+00    2.3469880E+05
   9.6500000E+00    2.3585690E+05
   9.7500000E+00    2.3701510E+05
   9.8500000E+00    2.3817330E+05
   9.9500000E+00    2.3933150E+05
   1.0050000E+01    2.4057890E+05
   1.0150000E+01    2.4192270E+05
   1.0250000E+01    2.4326650E+05
   1.0350000E+01    2.4461720E+05
   1.0450000E+01    2.4594790E+05
   1.0550000E+01    2.4719130E+05
   1.0650000E+01    2.4833720E+05
   1.0750000E+01    2.4948310E+05
   1.0850000E+01    2.5062900E+05
   1.0950000E+01    2.5177490E+05
   1.1050000E+01    2.5294930E+05
   1.1150000E+01    2.5415400E+05
   1.1250000E+01    2.5535870E+05
   1.1350000E+01    2.5656350E+05
   1.1450000E+01    2.5776820E+05
   1.1550000E+01    2.5886150E+05
   1.1650000E+01    2.5983530E+05
   1.1750000E+01    2.6080910E+05
   1.1850000E+01    2.6178290E+05
   1.1950000E+01    2.6275680E+05
   1.2050000E+01    2.6382750E+05
   1.2150000E+01    2.6500200E+05
   1.2250000E+01    2.6617640E+05
   1.2350000E+01    2.6735100E+05
   1.2450000E+01    2.6852550E+05
   1.2550000E+01    2.6965520E+05
   1.2650000E+01    2.7073690E+05
   1.2750000E+01    2.7181870E+05
   1.2850000E+01    2.7290070E+05
   1.2950000E+01    2.7398240E+05
   1.3050000E+01    2.7510310E+05
   1.3150000E+01    2.7626510E+05
   1.3250000E+01    2.7742710E+05
   1.3350000E+01    2.7858920E+05
   1.3450000E+01    2.7975120E+05
   1.3550000E+01    2.8093860E+05
   1.3650000E+01    2.8215330E+05
   1.3750000E+01    2.8336790E+05
   1.3850000E+01    2.8458250E+05
   1.3950000E+01    2.8579710E+05
   1.4050000E+01    2.8709850E+05
   1.4150000E+01    2.8849270E+05
   1.4250000E+01    2.8988700E+05
   1.4350000E+01    2.9128130E+05
   1.4450000E+01    2.9267550E+05
   1.4550000E+01    2.9413040E+05
   1.4650000E+01    2.9565030E+05
   1.4750000E+01    2.9717020E+05
   1.4850000E+01    2.9869010E+05
   1.4950000E+01    3.0021000E+05
   1.5050000E+01    3.0187590E+05
   1.5150000E+01    3.0369830E+05
   1.5250000E+01    3.0552070E+05
   1.5350000E+01    3.0734300E+05
   1.5450000E+01    3.0916550E+05
   1.5550000E+01    3.1101160E+05
   1.5650000E+01    3.1288340E+05
   1.5750000E+01    3.1475520E+05
   1.5850000E+01    3.1662690E+05
   1.5950000E+01    3.1849880E+05
   1.6050000E+01    3.2010840E+05
   1.6150000E+01    3.2143710E+05
   1.6250000E+01    3.2276570E+05
   1.6350000E+01    3.2409420E+05
   1.6450000E+01    3.2542310E+05
   1.6550000E+01    3.2675150E+05
   1.6650000E+01    3.2808020E+05
   1.6750000E+01    3.2940890E+05
   1.6850000E+01    3.3073750E+05
   1.6950000E+01    3.3206610E+05
   1.7050000E+01    3.3339700E+05
   1.7150000E+01    3.3473010E+05
   1.7250000E+01    3.3606320E+05
   1.7350000E+01    3.3739640E+05
   1.7450000E+01    3.3872960E+05
   1.7550000E+01    3.4006270E+05
   1.7650000E+01    3.4139580E+05
   1.7750000E+01    3.4272900E+05
   1.7850000E+01    3.4406210E+05
   1.7950000E+01    3.4539530E+05
   1.8050000E+01    3.4663860E+05
   1.8150000E+01    3.4778580E+05
   1.8250000E+01    3.4893300E+05
   1.8350000E+01    3.5008020E+05
   1.8450000E+01    3.5123460E+05
   1.8550000E+01    3.5234770E+05
   1.8650000E+01    3.5346330E+05
   1.8750000E+01    3.5457900E+05
   1.8850000E+01    3.5569460E+05
   1.8950000E+01    3.5681040E+05
   1.9050000E+01    3.5801690E+05
   1.9150000E+01    3.5932080E+05
   1.9250000E+01    3.6062450E+05
   1.9350000E+01    3.6192850E+05
   1.9450000E+01    3.6323240E+05
   1.9550000E+01    3.6453640E+05
   1.9650000E+01    3.6584030E+05
   1.9750000E+01    3.6714420E+05
   1.9850000E+01    3.6844820E+05
   1.9950000E+01    3.6975200E+05
   2.0500000E+01    1.0000000E-35
   2.1500000E+01    1.0000000E-35
   2.2500000E+01    1.0000000E-35
   2.3500000E+01    1.0000000E-35
   2.4500000E+01    1.0000000E-35
   2.5500000E+01    1.0000000E-35
   2.6500000E+01    1.0000000E-35
   2.7500000E+01    1.0000000E-35
   2.8500000E+01    1.0000000E-35
   2.9500000E+01    1.0000000E-35
   3.0500000E+01    1.0000000E-35
   3.1500000E+01    1.0000000E-35
   3.2500000E+01    1.0000000E-35
   3.3500000E+01    1.0000000E-35
   3.4500000E+01    1.0000000E-35
   3.5500000E+01    1.0000000E-35
   3.6500000E+01    1.0000000E-35
   3.7500000E+01    1.0000000E-35
   3.8500000E+01    1.0000000E-35
   3.9500000E+01    1.0000000E-35
   4.0500000E+01    1.0000000E-35
   4.1500000E+01    1.0000000E-35
   4.2500000E+01    1.0000000E-35
   4.3500000E+01    1.0000000E-35
   4.4500000E+01    1.0000000E-35
   4.5500000E+01    1.0000000E-35
   4.6500000E+01    1.0000000E-35
   4.7500000E+01    1.0000000E-35
   4.8500000E+01    1.0000000E-35
   4.9500000E+01    1.0000000E-35
   5.0500000E+01    1.0000000E-35
   5.1500000E+01    1.0000000E-35
   5.2500000E+01    1.0000000E-35
   5.3500000E+01    1.0000000E-35
   5.4500000E+01    1.0000000E-35
   5.5500000E+01    1.0000000E-35
   5.6500000E+01    1.0000000E-35
   5.7500000E+01    1.0000000E-35
   5.8500000E+01    1.0000000E-35
   5.9500000E+01    1.0000000E-35
   6.0500000E+01    1.0000000E-35
   6.1500000E+01    1.0000000E-35
   6.2500000E+01    1.0000000E-35
   6.3500000E+01    1.0000000E-35
   6.4500000E+01    1.0000000E-35
   6.5500000E+01    1.0000000E-35
   6.6500000E+01    1.0000000E-35
   6.7500000E+01    1.0000000E-35
   6.8500000E+01    1.0000000E-35
   6.9500000E+01    1.0000000E-35
   7.0500000E+01    1.0000000E-35
   7.1500000E+01    1.0000000E-35
   7.2500000E+01    1.0000000E-35
   7.3500000E+01    1.0000000E-35
   7.4500000E+01    1.0000000E-35
   7.5500000E+01    1.0000000E-35
   7.6500000E+01    1.0000000E-35
   7.7500000E+01    1.0000000E-35
   7.8500000E+01    1.0000000E-35
   7.9500000E+01    1.0000000E-35
   8.0500000E+01    1.0000000E-35
   8.1500000E+01    1.0000000E-35
   8.2500000E+01    1.0000000E-35
   8.3500000E+01    1.0000000E-35
   8.4500000E+01    1.0000000E-35
   8.5500000E+01    1.0000000E-35
   8.6500000E+01    1.0000000E-35
   8.7500000E+01    1.0000000E-35
   8.8500000E+01    1.0000000E-35
   8.9500000E+01    1.0000000E-35
   9.0500000E+01    1.0000000E-35
   9.1500000E+01    1.0000000E-35
   9.2500000E+01    1.0000000E-35
   9.3500000E+01    1.0000000E-35
   9.4500000E+01    1.0000000E-35
   9.5500000E+01    1.0000000E-35
   9.6500000E+01    1.0000000E-35
   9.7500000E+01    1.0000000E-35
   9.8500000E+01    1.0000000E-35
   9.9500000E+01    1.0000000E-35
   1.0050000E+02    1.0000000E-35
   1.0150000E+02    1.0000000E-35
   1.0250000E+02    1.0000000E-35
   1.0350000E+02    1.0000000E-35
   1.0450000E+02    1.0000000E-35
   1.0550000E+02    1.0000000E-35
   1.0650000E+02    1.0000000E-35
   1.0750000E+02    1.0000000E-35
   1.0850000E+02    1.0000000E-35
   1.0950000E+02    1.0000000E-35
   1.1050000E+02    1.0000000E-35
   1.1150000E+02    1.0000000E-35
   1.1250000E+02    1.0000000E-35
   1.1350000E+02    1.0000000E-35
   1.1450000E+02    1.0000000E-35
   1.1550000E+02    1.0000000E-35
   1.1650000E+02    1.0000000E-35
   1.1750000E+02    1.0000000E-35
   1.1850000E+02    1.0000000E-35
   1.1950000E+02    1.0000000E-35
   1.2050000E+02    1.0000000E-35
   1.2150000E+02    1.0000000E-35
   1.2250000E+02    1.0000000E-35
   1.2350000E+02    1.0000000E-35
   1.2450000E+02    1.0000000E-35
   1.2550000E+02    1.0000000E-35
   1.2650000E+02    1.0000000E-35
   1.2750000E+02    1.0000000E-35
   1.2850000E+02    1.0000000E-35
   1.2950000E+02    1.0000000E-35
   1.3050000E+02    1.0000000E-35
   1.3150000E+02    1.0000000E-35
   1.3250000E+02    1.0000000E-35
   1.3350000E+02    1.0000000E-35
   1.3450000E+02    1.0000000E-35
   1.3550000E+02    1.0000000E-35
   1.3650000E+02    1.0000000E-35
   1.3750000E+02    1.0000000E-35
   1.3850000E+02    1.0000000E-35
   1.3950000E+02    1.0000000E-35
   1.4050000E+02    1.0000000E-35
   1.4150000E+02    1.0000000E-35
   1.4250000E+02    1.0000000E-35
   1.4350000E+02    1.0000000E-35
   1.4450000E+02    1.0000000E-35
   1.4550000E+02    1.0000000E-35
   1.4650000E+02    1.0000000E-35
   1.4750000E+02    1.0000000E-35
   1.4850000E+02    1.0000000E-35
   1.4950000E+02    1.0000000E-35
