   1.0250000E-10    1.0000000E-35
   1.0750000E-10    1.0000000E-35
   1.1250000E-10    1.0000000E-35
   1.1750000E-10    1.0000000E-35
   1.2375000E-10    1.0000000E-35
   1.3125000E-10    1.0000000E-35
   1.3875000E-10    1.0000000E-35
   1.4625000E-10    1.0000000E-35
   1.5500000E-10    1.0000000E-35
   1.6500000E-10    1.0000000E-35
   1.7500000E-10    1.0000000E-35
   1.8500000E-10    1.0000000E-35
   1.9500000E-10    1.0000000E-35
   2.0500000E-10    1.0000000E-35
   2.1500000E-10    1.0000000E-35
   2.2500000E-10    1.0000000E-35
   2.3500000E-10    1.0000000E-35
   2.4750000E-10    1.0000000E-35
   2.6250000E-10    1.0000000E-35
   2.7500000E-10    1.0000000E-35
   2.9000000E-10    1.0000000E-35
   3.1000000E-10    1.0000000E-35
   3.3000000E-10    1.0000000E-35
   3.5000000E-10    1.0000000E-35
   3.7000000E-10    1.0000000E-35
   3.9000000E-10    1.0000000E-35
   4.1250000E-10    1.0000000E-35
   4.3750000E-10    1.0000000E-35
   4.6250000E-10    1.0000000E-35
   4.8750000E-10    1.0000000E-35
   5.1250000E-10    1.0000000E-35
   5.3750000E-10    1.0000000E-35
   5.6250000E-10    1.0000000E-35
   5.8750000E-10    1.0000000E-35
   6.1500000E-10    1.0000000E-35
   6.4500000E-10    1.0000000E-35
   6.7500000E-10    1.0000000E-35
   7.0500000E-10    1.0000000E-35
   7.4000000E-10    1.0000000E-35
   7.8000000E-10    1.0000000E-35
   8.2000000E-10    1.0000000E-35
   8.6000000E-10    1.0000000E-35
   9.0000000E-10    1.0000000E-35
   9.4000000E-10    1.0000000E-35
   9.8000000E-10    1.0000000E-35
   1.0250000E-09    1.0000000E-35
   1.0750000E-09    1.0000000E-35
   1.1250000E-09    1.0000000E-35
   1.1750000E-09    1.0000000E-35
   1.2375000E-09    1.0000000E-35
   1.3125000E-09    1.0000000E-35
   1.3875000E-09    1.0000000E-35
   1.4625000E-09    1.0000000E-35
   1.5500000E-09    1.0000000E-35
   1.6500000E-09    1.0000000E-35
   1.7500000E-09    1.0000000E-35
   1.8500000E-09    1.0000000E-35
   1.9500000E-09    1.0000000E-35
   2.0500000E-09    1.0000000E-35
   2.1500000E-09    1.0000000E-35
   2.2500000E-09    1.0000000E-35
   2.3500000E-09    1.0000000E-35
   2.4750000E-09    1.0000000E-35
   2.6250000E-09    1.0000000E-35
   2.7500000E-09    1.0000000E-35
   2.9000000E-09    1.0000000E-35
   3.1000000E-09    1.0000000E-35
   3.3000000E-09    1.0000000E-35
   3.5000000E-09    1.0000000E-35
   3.7000000E-09    1.0000000E-35
   3.9000000E-09    1.0000000E-35
   4.1250000E-09    1.0000000E-35
   4.3750000E-09    1.0000000E-35
   4.6250000E-09    1.0000000E-35
   4.8750000E-09    1.0000000E-35
   5.1250000E-09    1.0000000E-35
   5.3750000E-09    1.0000000E-35
   5.6250000E-09    1.0000000E-35
   5.8750000E-09    1.0000000E-35
   6.1500000E-09    1.0000000E-35
   6.4500000E-09    1.0000000E-35
   6.7500000E-09    1.0000000E-35
   7.0500000E-09    1.0000000E-35
   7.4000000E-09    1.0000000E-35
   7.8000000E-09    1.0000000E-35
   8.2000000E-09    1.0000000E-35
   8.6000000E-09    1.0000000E-35
   9.0000000E-09    1.0000000E-35
   9.4000000E-09    1.0000000E-35
   9.8000000E-09    1.0000000E-35
   1.0250000E-08    1.0000000E-35
   1.0750000E-08    1.0000000E-35
   1.1250000E-08    1.0000000E-35
   1.1750000E-08    1.0000000E-35
   1.2375000E-08    1.0000000E-35
   1.3125000E-08    1.0000000E-35
   1.3875000E-08    1.0000000E-35
   1.4625000E-08    1.0000000E-35
   1.5500000E-08    1.0000000E-35
   1.6500000E-08    1.0000000E-35
   1.7500000E-08    1.0000000E-35
   1.8500000E-08    1.0000000E-35
   1.9500000E-08    1.0000000E-35
   2.0500000E-08    1.0000000E-35
   2.1500000E-08    1.0000000E-35
   2.2500000E-08    1.0000000E-35
   2.3500000E-08    1.0000000E-35
   2.4750000E-08    1.0000000E-35
   2.6250000E-08    1.0000000E-35
   2.7500000E-08    1.0000000E-35
   2.9000000E-08    1.0000000E-35
   3.1000000E-08    1.0000000E-35
   3.3000000E-08    1.0000000E-35
   3.5000000E-08    1.0000000E-35
   3.7000000E-08    1.0000000E-35
   3.9000000E-08    1.0000000E-35
   4.1250000E-08    1.0000000E-35
   4.3750000E-08    1.0000000E-35
   4.6250000E-08    1.0000000E-35
   4.8750000E-08    1.0000000E-35
   5.1250000E-08    1.0000000E-35
   5.3750000E-08    1.0000000E-35
   5.6250000E-08    1.0000000E-35
   5.8750000E-08    1.0000000E-35
   6.1500000E-08    1.0000000E-35
   6.4500000E-08    1.0000000E-35
   6.7500000E-08    1.0000000E-35
   7.0500000E-08    1.0000000E-35
   7.4000000E-08    1.0000000E-35
   7.8000000E-08    1.0000000E-35
   8.2000000E-08    1.0000000E-35
   8.6000000E-08    1.0000000E-35
   9.0000000E-08    1.0000000E-35
   9.4000000E-08    1.0000000E-35
   9.8000000E-08    1.0000000E-35
   1.0250000E-07    1.0000000E-35
   1.0750000E-07    1.0000000E-35
   1.1250000E-07    1.0000000E-35
   1.1750000E-07    1.0000000E-35
   1.2375000E-07    1.0000000E-35
   1.3125000E-07    1.0000000E-35
   1.3875000E-07    1.0000000E-35
   1.4625000E-07    1.0000000E-35
   1.5500000E-07    1.0000000E-35
   1.6500000E-07    1.0000000E-35
   1.7500000E-07    1.0000000E-35
   1.8500000E-07    1.0000000E-35
   1.9500000E-07    1.0000000E-35
   2.0500000E-07    1.0000000E-35
   2.1500000E-07    1.0000000E-35
   2.2500000E-07    1.0000000E-35
   2.3500000E-07    1.0000000E-35
   2.4750000E-07    1.0000000E-35
   2.6250000E-07    1.0000000E-35
   2.7500000E-07    1.0000000E-35
   2.9000000E-07    1.0000000E-35
   3.1000000E-07    1.0000000E-35
   3.3000000E-07    1.0000000E-35
   3.5000000E-07    1.0000000E-35
   3.7000000E-07    1.0000000E-35
   3.9000000E-07    1.0000000E-35
   4.1250000E-07    1.0000000E-35
   4.3750000E-07    1.0000000E-35
   4.6250000E-07    1.0000000E-35
   4.8750000E-07    1.0000000E-35
   5.1250000E-07    1.0000000E-35
   5.3750000E-07    1.0000000E-35
   5.6250000E-07    1.0000000E-35
   5.8750000E-07    1.0000000E-35
   6.1500000E-07    1.0000000E-35
   6.4500000E-07    1.0000000E-35
   6.7500000E-07    1.0000000E-35
   7.0500000E-07    1.0000000E-35
   7.4000000E-07    1.0000000E-35
   7.8000000E-07    1.0000000E-35
   8.2000000E-07    1.0000000E-35
   8.6000000E-07    1.0000000E-35
   9.0000000E-07    1.0000000E-35
   9.4000000E-07    1.0000000E-35
   9.8000000E-07    1.0000000E-35
   1.0250000E-06    1.0000000E-35
   1.0750000E-06    1.0000000E-35
   1.1250000E-06    1.0000000E-35
   1.1750000E-06    1.0000000E-35
   1.2375000E-06    1.0000000E-35
   1.3125000E-06    1.0000000E-35
   1.3875000E-06    1.0000000E-35
   1.4625000E-06    1.0000000E-35
   1.5500000E-06    1.0000000E-35
   1.6500000E-06    1.0000000E-35
   1.7500000E-06    1.0000000E-35
   1.8500000E-06    1.0000000E-35
   1.9500000E-06    1.0000000E-35
   2.0500000E-06    1.0000000E-35
   2.1500000E-06    1.0000000E-35
   2.2500000E-06    1.0000000E-35
   2.3500000E-06    1.0000000E-35
   2.4750000E-06    1.0000000E-35
   2.6250000E-06    1.0000000E-35
   2.7500000E-06    1.0000000E-35
   2.9000000E-06    1.0000000E-35
   3.1000000E-06    1.0000000E-35
   3.3000000E-06    1.0000000E-35
   3.5000000E-06    1.0000000E-35
   3.7000000E-06    1.0000000E-35
   3.9000000E-06    1.0000000E-35
   4.1250000E-06    1.0000000E-35
   4.3750000E-06    1.0000000E-35
   4.6250000E-06    1.0000000E-35
   4.8750000E-06    1.0000000E-35
   5.1250000E-06    1.0000000E-35
   5.3750000E-06    1.0000000E-35
   5.6250000E-06    1.0000000E-35
   5.8750000E-06    1.0000000E-35
   6.1500000E-06    1.0000000E-35
   6.4500000E-06    1.0000000E-35
   6.7500000E-06    1.0000000E-35
   7.0500000E-06    1.0000000E-35
   7.4000000E-06    1.0000000E-35
   7.8000000E-06    1.0000000E-35
   8.2000000E-06    1.0000000E-35
   8.6000000E-06    1.0000000E-35
   9.0000000E-06    1.0000000E-35
   9.4000000E-06    1.0000000E-35
   9.8000000E-06    1.0000000E-35
   1.0250000E-05    1.0000000E-35
   1.0750000E-05    1.0000000E-35
   1.1250000E-05    1.0000000E-35
   1.1750000E-05    1.0000000E-35
   1.2375000E-05    1.0000000E-35
   1.3125000E-05    1.0000000E-35
   1.3875000E-05    1.0000000E-35
   1.4625000E-05    1.0000000E-35
   1.5500000E-05    1.0000000E-35
   1.6500000E-05    1.0000000E-35
   1.7500000E-05    1.0000000E-35
   1.8500000E-05    1.0000000E-35
   1.9500000E-05    1.0000000E-35
   2.0500000E-05    1.0000000E-35
   2.1500000E-05    1.0000000E-35
   2.2500000E-05    1.0000000E-35
   2.3500000E-05    1.0000000E-35
   2.4750000E-05    1.0000000E-35
   2.6250000E-05    1.0000000E-35
   2.7500000E-05    1.0000000E-35
   2.9000000E-05    1.0000000E-35
   3.1000000E-05    1.0000000E-35
   3.3000000E-05    1.0000000E-35
   3.5000000E-05    1.0000000E-35
   3.7000000E-05    1.0000000E-35
   3.9000000E-05    1.0000000E-35
   4.1250000E-05    1.0000000E-35
   4.3750000E-05    1.0000000E-35
   4.6250000E-05    1.0000000E-35
   4.8750000E-05    1.0000000E-35
   5.1250000E-05    1.0000000E-35
   5.3750000E-05    1.0000000E-35
   5.6250000E-05    1.0000000E-35
   5.8750000E-05    1.0000000E-35
   6.1500000E-05    1.0000000E-35
   6.4500000E-05    1.0000000E-35
   6.7500000E-05    1.0000000E-35
   7.0500000E-05    1.0000000E-35
   7.4000000E-05    1.0000000E-35
   7.8000000E-05    1.0000000E-35
   8.2000000E-05    1.0000000E-35
   8.6000000E-05    1.0000000E-35
   9.0000000E-05    1.0000000E-35
   9.4000000E-05    1.0000000E-35
   9.8000000E-05    1.0000000E-35
   1.0250000E-04    1.0000000E-35
   1.0750000E-04    1.0000000E-35
   1.1250000E-04    1.0000000E-35
   1.1750000E-04    1.0000000E-35
   1.2375000E-04    1.0000000E-35
   1.3125000E-04    1.0000000E-35
   1.3875000E-04    1.0000000E-35
   1.4625000E-04    1.0000000E-35
   1.5500000E-04    1.0000000E-35
   1.6500000E-04    1.0000000E-35
   1.7500000E-04    1.0000000E-35
   1.8500000E-04    1.0000000E-35
   1.9500000E-04    1.0000000E-35
   2.0500000E-04    1.0000000E-35
   2.1500000E-04    1.0000000E-35
   2.2500000E-04    1.0000000E-35
   2.3500000E-04    1.0000000E-35
   2.4750000E-04    1.0000000E-35
   2.6250000E-04    1.0000000E-35
   2.7500000E-04    1.0000000E-35
   2.9000000E-04    1.0000000E-35
   3.1000000E-04    1.0000000E-35
   3.3000000E-04    1.0000000E-35
   3.5000000E-04    1.0000000E-35
   3.7000000E-04    1.0000000E-35
   3.9000000E-04    1.0000000E-35
   4.1250000E-04    1.0000000E-35
   4.3750000E-04    1.0000000E-35
   4.6250000E-04    1.0000000E-35
   4.8750000E-04    1.0000000E-35
   5.1250000E-04    1.0000000E-35
   5.3750000E-04    1.0000000E-35
   5.6250000E-04    1.0000000E-35
   5.8750000E-04    1.0000000E-35
   6.1500000E-04    1.0000000E-35
   6.4500000E-04    1.0000000E-35
   6.7500000E-04    1.0000000E-35
   7.0500000E-04    1.0000000E-35
   7.4000000E-04    1.0000000E-35
   7.8000000E-04    1.0000000E-35
   8.2000000E-04    1.0000000E-35
   8.6000000E-04    1.0000000E-35
   9.0000000E-04    1.0000000E-35
   9.4000000E-04    1.0000000E-35
   9.8000000E-04    1.0000000E-35
   1.0250000E-03    1.0000000E-35
   1.0750000E-03    1.0000000E-35
   1.1250000E-03    1.0000000E-35
   1.1750000E-03    1.0000000E-35
   1.2375000E-03    1.0000000E-35
   1.3125000E-03    1.0000000E-35
   1.3875000E-03    1.0000000E-35
   1.4625000E-03    1.0000000E-35
   1.5500000E-03    1.0000000E-35
   1.6500000E-03    1.0000000E-35
   1.7500000E-03    1.0000000E-35
   1.8500000E-03    1.0000000E-35
   1.9500000E-03    1.0000000E-35
   2.0500000E-03    1.0000000E-35
   2.1500000E-03    1.0000000E-35
   2.2500000E-03    1.0000000E-35
   2.3500000E-03    1.0000000E-35
   2.4750000E-03    1.0000000E-35
   2.6250000E-03    1.0000000E-35
   2.7500000E-03    1.0000000E-35
   2.9000000E-03    1.0000000E-35
   3.1000000E-03    1.0000000E-35
   3.3000000E-03    1.0000000E-35
   3.5000000E-03    1.0000000E-35
   3.7000000E-03    1.0000000E-35
   3.9000000E-03    1.0000000E-35
   4.1250000E-03    1.0000000E-35
   4.3750000E-03    1.0000000E-35
   4.6250000E-03    1.0000000E-35
   4.8750000E-03    1.0000000E-35
   5.1250000E-03    1.0000000E-35
   5.3750000E-03    1.0000000E-35
   5.6250000E-03    1.0000000E-35
   5.8750000E-03    1.0000000E-35
   6.1500000E-03    1.0000000E-35
   6.4500000E-03    1.0000000E-35
   6.7500000E-03    1.0000000E-35
   7.0500000E-03    1.0000000E-35
   7.4000000E-03    1.0000000E-35
   7.8000000E-03    1.0000000E-35
   8.2000000E-03    1.0000000E-35
   8.6000000E-03    1.0000000E-35
   9.0000000E-03    1.0000000E-35
   9.4000000E-03    1.0000000E-35
   9.8000000E-03    1.0000000E-35
   1.0250000E-02    1.0000000E-35
   1.0750000E-02    1.0000000E-35
   1.1250000E-02    1.0000000E-35
   1.1750000E-02    1.0000000E-35
   1.2375000E-02    1.0000000E-35
   1.3125000E-02    1.0000000E-35
   1.3875000E-02    1.0000000E-35
   1.4625000E-02    1.0000000E-35
   1.5500000E-02    1.0000000E-35
   1.6500000E-02    1.0000000E-35
   1.7500000E-02    1.0000000E-35
   1.8500000E-02    1.0000000E-35
   1.9500000E-02    1.0000000E-35
   2.0500000E-02    1.0000000E-35
   2.1500000E-02    1.0000000E-35
   2.2500000E-02    1.0000000E-35
   2.3500000E-02    1.0000000E-35
   2.4750000E-02    1.0000000E-35
   2.6250000E-02    1.0000000E-35
   2.7500000E-02    1.0000000E-35
   2.9000000E-02    1.0000000E-35
   3.1000000E-02    1.0000000E-35
   3.3000000E-02    1.0000000E-35
   3.5000000E-02    1.0000000E-35
   3.7000000E-02    1.0000000E-35
   3.9000000E-02    1.0000000E-35
   4.1250000E-02    1.0000000E-35
   4.3750000E-02    1.0000000E-35
   4.6250000E-02    1.0000000E-35
   4.8750000E-02    1.0000000E-35
   5.1250000E-02    1.0000000E-35
   5.3750000E-02    1.0000000E-35
   5.6250000E-02    1.0000000E-35
   5.8750000E-02    1.0000000E-35
   6.1500000E-02    1.0000000E-35
   6.4500000E-02    1.0000000E-35
   6.7500000E-02    1.0000000E-35
   7.0500000E-02    1.0000000E-35
   7.4000000E-02    1.0000000E-35
   7.8000000E-02    1.0000000E-35
   8.2000000E-02    1.0000000E-35
   8.6000000E-02    1.0000000E-35
   9.0000000E-02    1.0000000E-35
   9.4000000E-02    1.0000000E-35
   9.8000000E-02    1.0000000E-35
   1.0250000E-01    1.0000000E-35
   1.0750000E-01    1.0000000E-35
   1.1250000E-01    1.0000000E-35
   1.1750000E-01    1.0000000E-35
   1.2375000E-01    1.0000000E-35
   1.3125000E-01    1.0000000E-35
   1.3875000E-01    1.0000000E-35
   1.4625000E-01    1.0000000E-35
   1.5500000E-01    1.0000000E-35
   1.6500000E-01    1.0000000E-35
   1.7500000E-01    1.0000000E-35
   1.8500000E-01    1.0000000E-35
   1.9500000E-01    1.0000000E-35
   2.0500000E-01    1.0000000E-35
   2.1500000E-01    1.0000000E-35
   2.2500000E-01    1.0000000E-35
   2.3500000E-01    1.0000000E-35
   2.4750000E-01    1.0000000E-35
   2.6250000E-01    1.0000000E-35
   2.7500000E-01    1.0000000E-35
   2.9000000E-01    1.0000000E-35
   3.1000000E-01    1.0000000E-35
   3.3000000E-01    1.0000000E-35
   3.5000000E-01    1.0000000E-35
   3.7000000E-01    1.0000000E-35
   3.9000000E-01    1.0000000E-35
   4.1250000E-01    1.0000000E-35
   4.3750000E-01    1.0000000E-35
   4.6250000E-01    1.0000000E-35
   4.8750000E-01    1.0000000E-35
   5.1250000E-01    1.0000000E-35
   5.3750000E-01    1.0000000E-35
   5.6250000E-01    1.0000000E-35
   5.8750000E-01    1.0000000E-35
   6.1500000E-01    1.0000000E-35
   6.4500000E-01    1.0000000E-35
   6.7500000E-01    1.0000000E-35
   7.0500000E-01    1.0000000E-35
   7.4000000E-01    1.0000000E-35
   7.8000000E-01    1.0000000E-35
   8.2000000E-01    1.0000000E-35
   8.6000000E-01    1.0000000E-35
   9.0000000E-01    1.0000000E-35
   9.4000000E-01    8.7038800E-11
   9.8000000E-01    2.6907810E-08
   1.0500000E+00    1.1085000E-07
   1.1500000E+00    2.3101940E-07
   1.2500000E+00    3.8927110E-06
   1.3500000E+00    3.1749530E-05
   1.4500000E+00    1.5076780E-04
   1.5500000E+00    4.9826030E-04
   1.6500000E+00    1.4064000E-03
   1.7500000E+00    3.0941070E-03
   1.8500000E+00    6.2434470E-03
   1.9500000E+00    1.2130390E-02
   2.0500000E+00    2.9191510E-02
   2.1500000E+00    4.5144240E-02
   2.2500000E+00    5.9318220E-02
   2.3500000E+00    9.5201990E-02
   2.4500000E+00    8.4959710E-02
   2.5500000E+00    8.4973410E-02
   2.6500000E+00    6.8626090E-02
   2.7500000E+00    1.0845950E-01
   2.8500000E+00    1.0628300E-01
   2.9500000E+00    1.2328600E-01
   3.0500000E+00    1.7313940E-01
   3.1500000E+00    1.4927150E-01
   3.2500000E+00    1.4096420E-01
   3.3500000E+00    2.0363530E-01
   3.4500000E+00    1.9208430E-01
   3.5500000E+00    2.4849760E-01
   3.6500000E+00    2.1233010E-01
   3.7500000E+00    1.5552160E-01
   3.8500000E+00    1.6198440E-01
   3.9500000E+00    2.2715280E-01
   4.0500000E+00    3.1975060E-01
   4.1500000E+00    3.5334340E-01
   4.2500000E+00    3.5084450E-01
   4.3500000E+00    3.2750000E-01
   4.4500000E+00    3.0131340E-01
   4.5500000E+00    2.8169590E-01
   4.6500000E+00    2.6855740E-01
   4.7500000E+00    2.5981850E-01
   4.8500000E+00    2.5397260E-01
   4.9500000E+00    2.5017770E-01
   5.0500000E+00    2.4832010E-01
   5.1500000E+00    2.4884400E-01
   5.2500000E+00    2.5223370E-01
   5.3500000E+00    2.5928250E-01
   5.4500000E+00    2.7012320E-01
   5.5500000E+00    2.8369670E-01
   5.6500000E+00    2.9792980E-01
   5.7500000E+00    3.1092710E-01
   5.8500000E+00    3.2065690E-01
   5.9500000E+00    3.2708690E-01
   6.0500000E+00    3.3065610E-01
   6.1500000E+00    3.3224090E-01
   6.2500000E+00    3.3221850E-01
   6.3500000E+00    3.3154020E-01
   6.4500000E+00    3.3086180E-01
   6.5500000E+00    3.3018350E-01
   6.6500000E+00    3.2950520E-01
   6.7500000E+00    3.2904510E-01
   6.8500000E+00    3.2911160E-01
   6.9500000E+00    3.2948950E-01
   7.0500000E+00    3.3041840E-01
   7.1500000E+00    3.3241410E-01
   7.2500000E+00    3.3537960E-01
   7.3500000E+00    3.3881870E-01
   7.4500000E+00    3.4225780E-01
   7.5500000E+00    3.4429910E-01
   7.6500000E+00    3.4361920E-01
   7.7500000E+00    3.4095580E-01
   7.8500000E+00    3.3811020E-01
   7.9500000E+00    3.3650990E-01
   8.0500000E+00    3.3631770E-01
   8.1500000E+00    3.3682010E-01
   8.2500000E+00    3.3769880E-01
   8.3500000E+00    3.3897160E-01
   8.4500000E+00    3.4024430E-01
   8.5500000E+00    3.4180110E-01
   8.6500000E+00    3.4365610E-01
   8.7500000E+00    3.4551120E-01
   8.8500000E+00    3.4736620E-01
   8.9500000E+00    3.4946200E-01
   9.0500000E+00    3.5181130E-01
   9.1500000E+00    3.5416060E-01
   9.2500000E+00    3.5651000E-01
   9.3500000E+00    3.5885930E-01
   9.4500000E+00    3.6145660E-01
   9.5500000E+00    3.6431660E-01
   9.6500000E+00    3.6717640E-01
   9.7500000E+00    3.7003610E-01
   9.8500000E+00    3.7312130E-01
   9.9500000E+00    3.7644620E-01
   1.0050000E+01    3.7977040E-01
   1.0150000E+01    3.8309630E-01
   1.0250000E+01    3.8600790E-01
   1.0350000E+01    3.8847660E-01
   1.0450000E+01    3.9094520E-01
   1.0550000E+01    3.9297400E-01
   1.0650000E+01    3.9453260E-01
   1.0750000E+01    3.9563730E-01
   1.0850000E+01    3.9625680E-01
   1.0950000E+01    3.9637230E-01
   1.1050000E+01    3.9594890E-01
   1.1150000E+01    3.9500830E-01
   1.1250000E+01    3.9351420E-01
   1.1350000E+01    3.9152560E-01
   1.1450000E+01    3.8900750E-01
   1.1550000E+01    3.8604420E-01
   1.1650000E+01    3.8260430E-01
   1.1750000E+01    3.7870560E-01
   1.1850000E+01    3.7431590E-01
   1.1950000E+01    3.6992630E-01
   1.2050000E+01    3.6513290E-01
   1.2150000E+01    3.5990770E-01
   1.2250000E+01    3.5468240E-01
   1.2350000E+01    3.4916240E-01
   1.2450000E+01    3.4332690E-01
   1.2550000E+01    3.3749130E-01
   1.2650000E+01    3.3165570E-01
   1.2750000E+01    3.2582010E-01
   1.2850000E+01    3.1990370E-01
   1.2950000E+01    3.1390030E-01
   1.3050000E+01    3.0789710E-01
   1.3150000E+01    3.0189380E-01
   1.3250000E+01    2.9589030E-01
   1.3350000E+01    2.8988700E-01
   1.3450000E+01    2.8388370E-01
   1.3550000E+01    2.7788040E-01
   1.3650000E+01    2.7204560E-01
   1.3750000E+01    2.6639150E-01
   1.3850000E+01    2.6073730E-01
   1.3950000E+01    2.5508320E-01
   1.4050000E+01    2.4942900E-01
   1.4150000E+01    2.4396540E-01
   1.4250000E+01    2.3870600E-01
   1.4350000E+01    2.3344650E-01
   1.4450000E+01    2.2818710E-01
   1.4550000E+01    2.2311570E-01
   1.4650000E+01    2.1824570E-01
   1.4750000E+01    2.1337570E-01
   1.4850000E+01    2.0850570E-01
   1.4950000E+01    2.0380460E-01
   1.5050000E+01    1.9928430E-01
   1.5150000E+01    1.9476400E-01
   1.5250000E+01    1.9038770E-01
   1.5350000E+01    1.8616580E-01
   1.5450000E+01    1.8194380E-01
   1.5550000E+01    1.7786330E-01
   1.5650000E+01    1.7393430E-01
   1.5750000E+01    1.7000530E-01
   1.5850000E+01    1.6621400E-01
   1.5950000E+01    1.6257050E-01
   1.6050000E+01    1.5892680E-01
   1.6150000E+01    1.5541590E-01
   1.6250000E+01    1.5204730E-01
   1.6350000E+01    1.4867860E-01
   1.6450000E+01    1.4543730E-01
   1.6550000E+01    1.4233220E-01
   1.6650000E+01    1.3922720E-01
   1.6750000E+01    1.3624390E-01
   1.6850000E+01    1.3339090E-01
   1.6950000E+01    1.3053790E-01
   1.7050000E+01    1.2780010E-01
   1.7150000E+01    1.2518580E-01
   1.7250000E+01    1.2257150E-01
   1.7350000E+01    1.2006630E-01
   1.7450000E+01    1.1767800E-01
   1.7550000E+01    1.1528960E-01
   1.7650000E+01    1.1300430E-01
   1.7750000E+01    1.1082930E-01
   1.7850000E+01    1.0865430E-01
   1.7950000E+01    1.0657580E-01
   1.8050000E+01    1.0460080E-01
   1.8150000E+01    1.0262590E-01
   1.8250000E+01    1.0074150E-01
   1.8350000E+01    9.8954270E-02
   1.8450000E+01    9.7167030E-02
   1.8550000E+01    9.5464240E-02
   1.8650000E+01    9.3851980E-02
   1.8750000E+01    9.2239730E-02
   1.8850000E+01    9.0706180E-02
   1.8950000E+01    8.9257130E-02
   1.9050000E+01    8.7808040E-02
   1.9150000E+01    8.6432100E-02
   1.9250000E+01    8.5134610E-02
   1.9350000E+01    8.3837170E-02
   1.9450000E+01    8.2607580E-02
   1.9550000E+01    8.1450810E-02
   1.9650000E+01    8.0294020E-02
   1.9750000E+01    7.9200000E-02
   1.9850000E+01    7.8173320E-02
   1.9950000E+01    7.7146590E-02
