   1.0250000E-10    6.5096800E-12
   1.0750000E-10    6.6665600E-12
   1.1250000E-10    6.8198400E-12
   1.1750000E-10    6.9697400E-12
   1.2375000E-10    7.1525500E-12
   1.3125000E-10    7.3661200E-12
   1.3875000E-10    7.5736600E-12
   1.4625000E-10    7.7756600E-12
   1.5500000E-10    8.0047300E-12
   1.6500000E-10    8.2589200E-12
   1.7500000E-10    8.5054900E-12
   1.8500000E-10    8.7451100E-12
   1.9500000E-10    8.9783400E-12
   2.0500000E-10    9.2057400E-12
   2.1500000E-10    9.4276700E-12
   2.2500000E-10    9.6445100E-12
   2.3500000E-10    9.8565900E-12
   2.4750000E-10    1.0115200E-11
   2.6250000E-10    1.0417300E-11
   2.7500000E-10    1.0662800E-11
   2.9000000E-10    1.0949400E-11
   3.1000000E-10    1.1320900E-11
   3.3000000E-10    1.1680600E-11
   3.5000000E-10    1.2029600E-11
   3.7000000E-10    1.2368700E-11
   3.9000000E-10    1.2698800E-11
   4.1250000E-10    1.3060000E-11
   4.3750000E-10    1.3450200E-11
   4.6250000E-10    1.3829500E-11
   4.8750000E-10    1.4198600E-11
   5.1250000E-10    1.4558100E-11
   5.3750000E-10    1.4908800E-11
   5.6250000E-10    1.5251300E-11
   5.8750000E-10    1.5586300E-11
   6.1500000E-10    1.5946600E-11
   6.4500000E-10    1.6330600E-11
   6.7500000E-10    1.6705800E-11
   7.0500000E-10    1.7072700E-11
   7.4000000E-10    1.7490800E-11
   7.8000000E-10    1.7956900E-11
   8.2000000E-10    1.8411200E-11
   8.6000000E-10    1.8854500E-11
   9.0000000E-10    1.9287400E-11
   9.4000000E-10    1.9710900E-11
   9.8000000E-10    2.0125400E-11
   1.0250000E-09    2.0581900E-11
   1.0750000E-09    2.1078000E-11
   1.1250000E-09    2.1562600E-11
   1.1750000E-09    2.2036600E-11
   1.2375000E-09    2.2614500E-11
   1.3125000E-09    2.3289800E-11
   1.3875000E-09    2.3946000E-11
   1.4625000E-09    2.4584700E-11
   1.5500000E-09    2.5309000E-11
   1.6500000E-09    2.6112700E-11
   1.7500000E-09    2.6892400E-11
   1.8500000E-09    2.7650000E-11
   1.9500000E-09    2.8387500E-11
   2.0500000E-09    2.9106400E-11
   2.1500000E-09    2.9808000E-11
   2.2500000E-09    3.0493400E-11
   2.3500000E-09    3.1163800E-11
   2.4750000E-09    3.1981300E-11
   2.6250000E-09    3.2936300E-11
   2.7500000E-09    3.3712100E-11
   2.9000000E-09    3.4618200E-11
   3.1000000E-09    3.5792400E-11
   3.3000000E-09    3.6929300E-11
   3.5000000E-09    3.8032200E-11
   3.7000000E-09    3.9104000E-11
   3.9000000E-09    4.0147200E-11
   4.1250000E-09    4.1288800E-11
   4.3750000E-09    4.2522000E-11
   4.6250000E-09    4.3720300E-11
   4.8750000E-09    4.4886700E-11
   5.1250000E-09    4.6023600E-11
   5.3750000E-09    4.7133200E-11
   5.6250000E-09    4.8217300E-11
   5.8750000E-09    4.9277700E-11
   6.1500000E-09    5.0418000E-11
   6.4500000E-09    5.1633600E-11
   6.7500000E-09    5.2821400E-11
   7.0500000E-09    5.3983000E-11
   7.4000000E-09    5.5306800E-11
   7.8000000E-09    5.6782700E-11
   8.2000000E-09    5.8221400E-11
   8.6000000E-09    5.9625300E-11
   9.0000000E-09    6.0996800E-11
   9.4000000E-09    6.2338500E-11
   9.8000000E-09    6.3651900E-11
   1.0250000E-08    6.5096800E-11
   1.0750000E-08    6.6665600E-11
   1.1250000E-08    6.8198400E-11
   1.1750000E-08    6.9697400E-11
   1.2375000E-08    7.1525500E-11
   1.3125000E-08    7.3661200E-11
   1.3875000E-08    7.5736600E-11
   1.4625000E-08    7.7756600E-11
   1.5500000E-08    8.0047300E-11
   1.6500000E-08    8.2589200E-11
   1.7500000E-08    8.5054900E-11
   1.8500000E-08    8.7451100E-11
   1.9500000E-08    8.9783400E-11
   2.0500000E-08    9.2057400E-11
   2.1500000E-08    9.4276700E-11
   2.2500000E-08    9.6445100E-11
   2.3500000E-08    9.8565900E-11
   2.4750000E-08    1.0115200E-10
   2.6250000E-08    1.0417300E-10
   2.7500000E-08    1.0662800E-10
   2.9000000E-08    1.0949400E-10
   3.1000000E-08    1.1320900E-10
   3.3000000E-08    1.1680600E-10
   3.5000000E-08    1.2029600E-10
   3.7000000E-08    1.2368700E-10
   3.9000000E-08    1.2698800E-10
   4.1250000E-08    1.3060000E-10
   4.3750000E-08    1.3450200E-10
   4.6250000E-08    1.3829500E-10
   4.8750000E-08    1.4198600E-10
   5.1250000E-08    1.4558100E-10
   5.3750000E-08    1.4908800E-10
   5.6250000E-08    1.5251300E-10
   5.8750000E-08    1.5586300E-10
   6.1500000E-08    1.5946600E-10
   6.4500000E-08    1.6330600E-10
   6.7500000E-08    1.6705800E-10
   7.0500000E-08    1.7072700E-10
   7.4000000E-08    1.7490800E-10
   7.8000000E-08    1.7956900E-10
   8.2000000E-08    1.8411200E-10
   8.6000000E-08    1.8854500E-10
   9.0000000E-08    1.9287400E-10
   9.4000000E-08    1.9710900E-10
   9.8000000E-08    2.0125400E-10
   1.0250000E-07    2.0581900E-10
   1.0750000E-07    2.1078000E-10
   1.1250000E-07    2.1562600E-10
   1.1750000E-07    2.2036600E-10
   1.2375000E-07    2.2614500E-10
   1.3125000E-07    2.3289800E-10
   1.3875000E-07    2.3946000E-10
   1.4625000E-07    2.4584700E-10
   1.5500000E-07    2.5309000E-10
   1.6500000E-07    2.6112700E-10
   1.7500000E-07    2.6892400E-10
   1.8500000E-07    2.7650000E-10
   1.9500000E-07    2.8387500E-10
   2.0500000E-07    2.9106400E-10
   2.1500000E-07    2.9808000E-10
   2.2500000E-07    3.0493400E-10
   2.3500000E-07    3.1163800E-10
   2.4750000E-07    3.1981300E-10
   2.6250000E-07    3.2936300E-10
   2.7500000E-07    3.3712100E-10
   2.9000000E-07    3.4618200E-10
   3.1000000E-07    3.5792400E-10
   3.3000000E-07    3.6929300E-10
   3.5000000E-07    3.8032200E-10
   3.7000000E-07    3.9104000E-10
   3.9000000E-07    4.0147200E-10
   4.1250000E-07    4.1288800E-10
   4.3750000E-07    4.2522000E-10
   4.6250000E-07    4.3720300E-10
   4.8750000E-07    4.4886700E-10
   5.1250000E-07    4.6023600E-10
   5.3750000E-07    4.7133200E-10
   5.6250000E-07    4.8217300E-10
   5.8750000E-07    4.9277700E-10
   6.1500000E-07    5.0418000E-10
   6.4500000E-07    5.1633600E-10
   6.7500000E-07    5.2821400E-10
   7.0500000E-07    5.3983000E-10
   7.4000000E-07    5.5306800E-10
   7.8000000E-07    5.6782700E-10
   8.2000000E-07    5.8221400E-10
   8.6000000E-07    5.9625300E-10
   9.0000000E-07    6.0996800E-10
   9.4000000E-07    6.2338500E-10
   9.8000000E-07    6.3651900E-10
   1.0250000E-06    6.5096800E-10
   1.0750000E-06    6.6665600E-10
   1.1250000E-06    6.8198400E-10
   1.1750000E-06    6.9697400E-10
   1.2375000E-06    7.1525500E-10
   1.3125000E-06    7.3661200E-10
   1.3875000E-06    7.5736600E-10
   1.4625000E-06    7.7756600E-10
   1.5500000E-06    8.0047300E-10
   1.6500000E-06    8.2589200E-10
   1.7500000E-06    8.5054900E-10
   1.8500000E-06    8.7451100E-10
   1.9500000E-06    8.9783400E-10
   2.0500000E-06    9.2057400E-10
   2.1500000E-06    9.4276700E-10
   2.2500000E-06    9.6445100E-10
   2.3500000E-06    9.8565900E-10
   2.4750000E-06    1.0115220E-09
   2.6250000E-06    1.0417350E-09
   2.7500000E-06    1.0662780E-09
   2.9000000E-06    1.0949440E-09
   3.1000000E-06    1.1320930E-09
   3.3000000E-06    1.1680630E-09
   3.5000000E-06    1.2029590E-09
   3.7000000E-06    1.2368720E-09
   3.9000000E-06    1.2698810E-09
   4.1250000E-06    1.3060030E-09
   4.3750000E-06    1.3450240E-09
   4.6250000E-06    1.3829460E-09
   4.8750000E-06    1.4198580E-09
   5.1250000E-06    1.4558100E-09
   5.3750000E-06    1.4908740E-09
   5.6250000E-06    1.5251310E-09
   5.8750000E-06    1.5586340E-09
   6.1500000E-06    1.5946590E-09
   6.4500000E-06    1.6330630E-09
   6.7500000E-06    1.6705820E-09
   7.0500000E-06    1.7072740E-09
   7.4000000E-06    1.7490810E-09
   7.8000000E-06    1.7956920E-09
   8.2000000E-06    1.8411190E-09
   8.6000000E-06    1.8854460E-09
   9.0000000E-06    1.9287420E-09
   9.4000000E-06    1.9710920E-09
   9.8000000E-06    2.0125470E-09
   1.0250000E-05    2.0581930E-09
   1.0750000E-05    2.1077970E-09
   1.1250000E-05    2.1562590E-09
   1.1750000E-05    2.2036570E-09
   1.2375000E-05    2.2614580E-09
   1.3125000E-05    2.3289840E-09
   1.3875000E-05    2.3946050E-09
   1.4625000E-05    2.4584750E-09
   1.5500000E-05    2.5309030E-09
   1.6500000E-05    2.6112740E-09
   1.7500000E-05    2.6892360E-09
   1.8500000E-05    2.7649990E-09
   1.9500000E-05    2.8387470E-09
   2.0500000E-05    2.9106380E-09
   2.1500000E-05    2.9807950E-09
   2.2500000E-05    3.0493400E-09
   2.3500000E-05    3.1163790E-09
   2.4750000E-05    3.1981320E-09
   2.6250000E-05    3.2936320E-09
   2.7500000E-05    3.3712120E-09
   2.9000000E-05    3.4618200E-09
   3.1000000E-05    3.5792380E-09
   3.3000000E-05    3.6929270E-09
   3.5000000E-05    3.8032190E-09
   3.7000000E-05    3.9104010E-09
   3.9000000E-05    4.0147230E-09
   4.1250000E-05    4.1288810E-09
   4.3750000E-05    4.2521950E-09
   4.6250000E-05    4.3720330E-09
   4.8750000E-05    4.4886740E-09
   5.1250000E-05    4.6023380E-09
   5.3750000E-05    4.7132650E-09
   5.6250000E-05    4.8216400E-09
   5.8750000E-05    4.9276340E-09
   6.1500000E-05    5.0416130E-09
   6.4500000E-05    5.1631280E-09
   6.7500000E-05    5.2818470E-09
   7.0500000E-05    5.3979550E-09
   7.4000000E-05    5.5302610E-09
   7.8000000E-05    5.6777770E-09
   8.2000000E-05    5.8215560E-09
   8.6000000E-05    5.9618650E-09
   9.0000000E-05    6.0989210E-09
   9.4000000E-05    6.2329950E-09
   9.8000000E-05    6.3642410E-09
   1.0250000E-04    6.5086750E-09
   1.0750000E-04    6.6655500E-09
   1.1250000E-04    6.8188160E-09
   1.1750000E-04    6.9687150E-09
   1.2375000E-04    7.1515170E-09
   1.3125000E-04    7.3650780E-09
   1.3875000E-04    7.5726160E-09
   1.4625000E-04    7.7746150E-09
   1.5500000E-04    8.0036870E-09
   1.6500000E-04    8.2578800E-09
   1.7500000E-04    8.5044580E-09
   1.8500000E-04    8.7440840E-09
   1.9500000E-04    8.9773360E-09
   2.0500000E-04    9.2046340E-09
   2.1500000E-04    9.4263610E-09
   2.2500000E-04    9.6429790E-09
   2.3500000E-04    9.8548300E-09
   2.4750000E-04    1.0113170E-08
   2.6250000E-04    1.0414930E-08
   2.7500000E-04    1.0660050E-08
   2.9000000E-04    1.0946310E-08
   3.1000000E-04    1.1317250E-08
   3.3000000E-04    1.1676380E-08
   3.5000000E-04    1.2024740E-08
   3.7000000E-04    1.2363250E-08
   3.9000000E-04    1.2692700E-08
   4.1250000E-04    1.3053180E-08
   4.3750000E-04    1.3442530E-08
   4.6250000E-04    1.3820860E-08
   4.8750000E-04    1.4189050E-08
   5.1250000E-04    1.4548050E-08
   5.3750000E-04    1.4898600E-08
   5.6250000E-04    1.5241100E-08
   5.8750000E-04    1.5576060E-08
   6.1500000E-04    1.5936250E-08
   6.4500000E-04    1.6320240E-08
   6.7500000E-04    1.6695390E-08
   7.0500000E-04    1.7062290E-08
   7.4000000E-04    1.7480360E-08
   7.8000000E-04    1.7946480E-08
   8.2000000E-04    1.8400780E-08
   8.6000000E-04    1.8844110E-08
   9.0000000E-04    1.9277150E-08
   9.4000000E-04    1.9700750E-08
   9.8000000E-04    2.0115400E-08
   1.0250000E-03    2.0571350E-08
   1.0750000E-03    2.1066180E-08
   1.1250000E-03    2.1549560E-08
   1.1750000E-03    2.2022260E-08
   1.2375000E-03    2.2598610E-08
   1.3125000E-03    2.3271830E-08
   1.3875000E-03    2.3925920E-08
   1.4625000E-03    2.4562420E-08
   1.5500000E-03    2.5284050E-08
   1.6500000E-03    2.6084620E-08
   1.7500000E-03    2.6860980E-08
   1.8500000E-03    2.7615240E-08
   1.9500000E-03    2.8349240E-08
   2.0500000E-03    2.9064840E-08
   2.1500000E-03    2.9763310E-08
   2.2500000E-03    3.0445560E-08
   2.3500000E-03    3.1112680E-08
   2.4750000E-03    3.1926030E-08
   2.6250000E-03    3.2875870E-08
   2.7500000E-03    3.3647270E-08
   2.9000000E-03    3.4547900E-08
   3.1000000E-03    3.5714620E-08
   3.3000000E-03    3.6843790E-08
   3.5000000E-03    3.7938770E-08
   3.7000000E-03    3.9002410E-08
   3.9000000E-03    4.0037220E-08
   4.1250000E-03    4.1169080E-08
   4.3750000E-03    4.2391110E-08
   4.6250000E-03    4.3578050E-08
   4.8750000E-03    4.4732710E-08
   5.1250000E-03    4.5857550E-08
   5.3750000E-03    4.6954970E-08
   5.6250000E-03    4.8026620E-08
   5.8750000E-03    4.9074180E-08
   6.1500000E-03    5.0200060E-08
   6.4500000E-03    5.1399700E-08
   6.7500000E-03    5.2571030E-08
   7.0500000E-03    5.3715900E-08
   7.4000000E-03    5.5019610E-08
   7.8000000E-03    5.6472120E-08
   8.2000000E-03    5.7886700E-08
   8.6000000E-03    5.9266040E-08
   9.0000000E-03    6.0612350E-08
   9.4000000E-03    6.1928160E-08
   9.8000000E-03    6.3215250E-08
   1.0250000E-02    6.4629940E-08
   1.0750000E-02    6.6164250E-08
   1.1250000E-02    6.7661670E-08
   1.1750000E-02    6.9124620E-08
   1.2375000E-02    7.0906440E-08
   1.3125000E-02    7.2984990E-08
   1.3875000E-02    7.5001580E-08
   1.4625000E-02    7.6961390E-08
   1.5500000E-02    7.9179880E-08
   1.6500000E-02    8.1636870E-08
   1.7500000E-02    8.4015290E-08
   1.8500000E-02    8.6321620E-08
   1.9500000E-02    8.8561550E-08
   2.0500000E-02    9.0740040E-08
   2.1500000E-02    9.2861380E-08
   2.2500000E-02    9.4929420E-08
   2.3500000E-02    9.6947590E-08
   2.4750000E-02    9.9401970E-08
   2.6250000E-02    1.0225340E-07
   2.7500000E-02    1.0456050E-07
   2.9000000E-02    1.0724510E-07
   3.1000000E-02    1.1073360E-07
   3.3000000E-02    1.1412080E-07
   3.5000000E-02    1.1739180E-07
   3.7000000E-02    1.2053590E-07
   3.9000000E-02    1.2357970E-07
   4.1250000E-02    1.2689500E-07
   4.3750000E-02    1.3045830E-07
   4.6250000E-02    1.3390890E-07
   4.8750000E-02    1.3725640E-07
   5.1250000E-02    1.4050230E-07
   5.3750000E-02    1.4365380E-07
   5.6250000E-02    1.4671590E-07
   5.8750000E-02    1.4969470E-07
   6.1500000E-02    1.5288040E-07
   6.4500000E-02    1.5625670E-07
   6.7500000E-02    1.5953470E-07
   7.0500000E-02    1.6271710E-07
   7.4000000E-02    1.6630470E-07
   7.8000000E-02    1.7027150E-07
   8.2000000E-02    1.7410350E-07
   8.6000000E-02    1.7781650E-07
   9.0000000E-02    1.8142870E-07
   9.4000000E-02    1.8493200E-07
   9.8000000E-02    1.8833230E-07
   1.0250000E-01    1.9203030E-07
   1.0750000E-01    1.9599760E-07
   1.1250000E-01    1.9983030E-07
   1.1750000E-01    2.0353620E-07
   1.2375000E-01    2.0799590E-07
   1.3125000E-01    2.1312720E-07
   1.3875000E-01    2.1802560E-07
   1.4625000E-01    2.2271020E-07
   1.5500000E-01    2.2791930E-07
   1.6500000E-01    2.3357910E-07
   1.7500000E-01    2.3894320E-07
   1.8500000E-01    2.4403150E-07
   1.9500000E-01    2.4886360E-07
   2.0500000E-01    2.5346060E-07
   2.1500000E-01    2.5783600E-07
   2.2500000E-01    2.6200370E-07
   2.3500000E-01    2.6597590E-07
   2.4750000E-01    2.7067360E-07
   2.6250000E-01    2.7596500E-07
   2.7500000E-01    2.8010730E-07
   2.9000000E-01    2.8474600E-07
   3.1000000E-01    2.9048570E-07
   3.3000000E-01    2.9573050E-07
   3.5000000E-01    3.0051730E-07
   3.7000000E-01    3.0488240E-07
   3.9000000E-01    3.0885610E-07
   4.1250000E-01    3.1288840E-07
   4.3750000E-01    3.1688670E-07
   4.6250000E-01    3.2039980E-07
   4.8750000E-01    3.2342540E-07
   5.1250000E-01    3.2609460E-07
   5.3750000E-01    3.2844680E-07
   5.6250000E-01    3.3045750E-07
   5.8750000E-01    3.3215140E-07
   6.1500000E-01    3.3365210E-07
   6.4500000E-01    3.3490410E-07
   6.7500000E-01    3.3579640E-07
   7.0500000E-01    3.3635870E-07
   7.4000000E-01    3.3662340E-07
   7.8000000E-01    3.3647730E-07
   8.2000000E-01    3.3588860E-07
   8.6000000E-01    3.3490470E-07
   9.0000000E-01    3.3357040E-07
   9.4000000E-01    3.3191270E-07
   9.8000000E-01    3.2996340E-07
   1.0500000E+00    3.2588580E-07
   1.1500000E+00    3.1900910E-07
   1.2500000E+00    3.1093760E-07
   1.3500000E+00    3.0194590E-07
   1.4500000E+00    2.9240670E-07
   1.5500000E+00    2.8234300E-07
   1.6500000E+00    2.7191190E-07
   1.7500000E+00    2.6138410E-07
   1.8500000E+00    2.5085230E-07
   1.9500000E+00    2.4039190E-07
   2.0500000E+00    2.2998140E-07
   2.1500000E+00    2.1968040E-07
   2.2500000E+00    2.0961280E-07
   2.3500000E+00    1.9980860E-07
   2.4500000E+00    1.9026710E-07
   2.5500000E+00    1.8100670E-07
   2.6500000E+00    1.7206430E-07
   2.7500000E+00    1.6340380E-07
   2.8500000E+00    1.5503510E-07
   2.9500000E+00    1.4700380E-07
   3.0500000E+00    1.3927120E-07
   3.1500000E+00    1.3183890E-07
   3.2500000E+00    1.2474020E-07
   3.3500000E+00    1.1791690E-07
   3.4500000E+00    1.1136780E-07
   3.5500000E+00    1.0513890E-07
   3.6500000E+00    9.9219760E-08
   3.7500000E+00    9.3571700E-08
   3.8500000E+00    8.8187650E-08
   3.9500000E+00    8.3073530E-08
   4.0500000E+00    7.8219490E-08
   4.1500000E+00    7.3618100E-08
   4.2500000E+00    6.9259040E-08
   4.3500000E+00    6.5137940E-08
   4.4500000E+00    6.1243840E-08
   4.5500000E+00    5.7564820E-08
   4.6500000E+00    5.4090660E-08
   4.7500000E+00    5.0816680E-08
   4.8500000E+00    4.7732460E-08
   4.9500000E+00    4.4828010E-08
   5.0500000E+00    4.2093730E-08
   5.1500000E+00    3.9515950E-08
   5.2500000E+00    3.7086620E-08
   5.3500000E+00    3.4803930E-08
   5.4500000E+00    3.2659530E-08
   5.5500000E+00    3.0638310E-08
   5.6500000E+00    2.8733860E-08
   5.7500000E+00    2.6945230E-08
   5.8500000E+00    2.5265720E-08
   5.9500000E+00    2.3686500E-08
   6.0500000E+00    2.2201940E-08
   6.1500000E+00    2.0807460E-08
   6.2500000E+00    1.9497870E-08
   6.3500000E+00    1.8265340E-08
   6.4500000E+00    1.7105710E-08
   6.5500000E+00    1.6018210E-08
   6.6500000E+00    1.4998540E-08
   6.7500000E+00    1.4043330E-08
   6.8500000E+00    1.3148620E-08
   6.9500000E+00    1.2307930E-08
   7.0500000E+00    1.1518190E-08
   7.1500000E+00    1.0778750E-08
   7.2500000E+00    1.0086480E-08
   7.3500000E+00    9.4380460E-09
   7.4500000E+00    8.8307490E-09
   7.5500000E+00    8.2621460E-09
   7.6500000E+00    7.7298250E-09
   7.7500000E+00    7.2312900E-09
   7.8500000E+00    6.7644490E-09
   7.9500000E+00    6.3280850E-09
   8.0500000E+00    5.9202230E-09
   8.1500000E+00    5.5386930E-09
   8.2500000E+00    5.1818150E-09
   8.3500000E+00    4.8476370E-09
   8.4500000E+00    4.5347450E-09
   8.5500000E+00    4.2422570E-09
   8.6500000E+00    3.9688510E-09
   8.7500000E+00    3.7132680E-09
   8.8500000E+00    3.4743500E-09
   8.9500000E+00    3.2503810E-09
   9.0500000E+00    3.0404540E-09
   9.1500000E+00    2.8442170E-09
   9.2500000E+00    2.6607810E-09
   9.3500000E+00    2.4892220E-09
   9.4500000E+00    2.3287780E-09
   9.5500000E+00    2.1783870E-09
   9.6500000E+00    2.0374360E-09
   9.7500000E+00    1.9055180E-09
   9.8500000E+00    1.7820620E-09
   9.9500000E+00    1.6663370E-09
   1.0050000E+01    1.5578760E-09
   1.0150000E+01    1.4566550E-09
   1.0250000E+01    1.3621890E-09
   1.0350000E+01    1.2736510E-09
   1.0450000E+01    1.1906800E-09
   1.0550000E+01    1.1134080E-09
   1.0650000E+01    1.0414330E-09
   1.0750000E+01    9.7388800E-10
   1.0850000E+01    9.1051100E-10
   1.0950000E+01    8.5134800E-10
   1.1050000E+01    7.9611800E-10
   1.1150000E+01    7.4442300E-10
   1.1250000E+01    6.9604000E-10
   1.1350000E+01    6.5080800E-10
   1.1450000E+01    6.0852400E-10
   1.1550000E+01    5.6894800E-10
   1.1650000E+01    5.3191200E-10
   1.1750000E+01    4.9727700E-10
   1.1850000E+01    4.6488800E-10
   1.1950000E+01    4.3459100E-10
   1.2050000E+01    4.0625100E-10
   1.2150000E+01    3.7971700E-10
   1.2250000E+01    3.5487600E-10
   1.2350000E+01    3.3166300E-10
   1.2450000E+01    3.0997100E-10
   1.2550000E+01    2.8970000E-10
   1.2650000E+01    2.7075700E-10
   1.2750000E+01    2.5299900E-10
   1.2850000E+01    2.3635500E-10
   1.2950000E+01    2.2082300E-10
   1.3050000E+01    2.0632900E-10
   1.3150000E+01    1.9272600E-10
   1.3250000E+01    1.8000700E-10
   1.3350000E+01    1.6816200E-10
   1.3450000E+01    1.5704000E-10
   1.3550000E+01    1.4663000E-10
   1.3650000E+01    1.3693300E-10
   1.3750000E+01    1.2788300E-10
   1.3850000E+01    1.1943600E-10
   1.3950000E+01    1.1155900E-10
   1.4050000E+01    1.0421100E-10
   1.4150000E+01    9.7307400E-11
   1.4250000E+01    9.0842900E-11
   1.4350000E+01    8.4825100E-11
   1.4450000E+01    7.9205300E-11
   1.4550000E+01    7.3957300E-11
   1.4650000E+01    6.9056900E-11
   1.4750000E+01    6.4482000E-11
   1.4850000E+01    6.0208400E-11
   1.4950000E+01    5.6216700E-11
   1.5050000E+01    5.2488300E-11
   1.5150000E+01    4.9006000E-11
   1.5250000E+01    4.5753700E-11
   1.5350000E+01    4.2718100E-11
   1.5450000E+01    3.9885100E-11
   1.5550000E+01    3.7239100E-11
   1.5650000E+01    3.4767900E-11
   1.5750000E+01    3.2459900E-11
   1.5850000E+01    3.0304500E-11
   1.5950000E+01    2.8291500E-11
   1.6050000E+01    2.6411600E-11
   1.6150000E+01    2.4655900E-11
   1.6250000E+01    2.3016500E-11
   1.6350000E+01    2.1485700E-11
   1.6450000E+01    2.0056300E-11
   1.6550000E+01    1.8721500E-11
   1.6650000E+01    1.7475300E-11
   1.6750000E+01    1.6312100E-11
   1.6850000E+01    1.5226500E-11
   1.6950000E+01    1.4213000E-11
   1.7050000E+01    1.3266600E-11
   1.7150000E+01    1.2383000E-11
   1.7250000E+01    1.1558000E-11
   1.7350000E+01    1.0787800E-11
   1.7450000E+01    1.0068300E-11
   1.7550000E+01    9.3960700E-12
   1.7650000E+01    8.7686000E-12
   1.7750000E+01    8.1828800E-12
   1.7850000E+01    7.6361500E-12
   1.7950000E+01    7.1258100E-12
   1.8050000E+01    6.6494700E-12
   1.8150000E+01    6.2043200E-12
   1.8250000E+01    5.7884400E-12
   1.8350000E+01    5.4003100E-12
   1.8450000E+01    5.0381400E-12
   1.8550000E+01    4.7001700E-12
   1.8650000E+01    4.3847900E-12
   1.8750000E+01    4.0905000E-12
   1.8850000E+01    3.8158300E-12
   1.8950000E+01    3.5595000E-12
   1.9050000E+01    3.3203400E-12
   1.9150000E+01    3.0971900E-12
   1.9250000E+01    2.8889900E-12
   1.9350000E+01    2.6947500E-12
   1.9450000E+01    2.5135100E-12
   1.9550000E+01    2.3444200E-12
   1.9650000E+01    2.1866700E-12
   1.9750000E+01    2.0395000E-12
   1.9850000E+01    1.9022100E-12
   1.9950000E+01    1.7741300E-12
