   1.0250000E-10    6.8752700E-12
   1.0750000E-10    7.0280700E-12
   1.1250000E-10    7.1808800E-12
   1.1750000E-10    7.3336800E-12
   1.2375000E-10    7.5246800E-12
   1.3125000E-10    7.7538800E-12
   1.3875000E-10    7.9830900E-12
   1.4625000E-10    8.2122900E-12
   1.5500000E-10    8.4557100E-12
   1.6500000E-10    8.7133500E-12
   1.7500000E-10    8.9709900E-12
   1.8500000E-10    9.2286200E-12
   1.9500000E-10    9.4862600E-12
   2.0500000E-10    9.7185600E-12
   2.1500000E-10    9.9255000E-12
   2.2500000E-10    1.0132500E-11
   2.3500000E-10    1.0339500E-11
   2.4750000E-10    1.0598100E-11
   2.6250000E-10    1.0908600E-11
   2.7500000E-10    1.1167300E-11
   2.9000000E-10    1.1477700E-11
   3.1000000E-10    1.1891700E-11
   3.3000000E-10    1.2305600E-11
   3.5000000E-10    1.2709200E-11
   3.7000000E-10    1.3050600E-11
   3.9000000E-10    1.3381700E-11
   4.1250000E-10    1.3754100E-11
   4.3750000E-10    1.4167900E-11
   4.6250000E-10    1.4581800E-11
   4.8750000E-10    1.4995600E-11
   5.1250000E-10    1.5373300E-11
   5.3750000E-10    1.5715000E-11
   5.6250000E-10    1.6056700E-11
   5.8750000E-10    1.6398300E-11
   6.1500000E-10    1.6774100E-11
   6.4500000E-10    1.7184100E-11
   6.7500000E-10    1.7594200E-11
   7.0500000E-10    1.8004100E-11
   7.4000000E-10    1.8479700E-11
   7.8000000E-10    1.8964700E-11
   8.2000000E-10    1.9425600E-11
   8.6000000E-10    1.9886400E-11
   9.0000000E-10    2.0347200E-11
   9.4000000E-10    2.0808100E-11
   9.8000000E-10    2.1268900E-11
   1.0250000E-09    2.1740900E-11
   1.0750000E-09    2.2224100E-11
   1.1250000E-09    2.2707300E-11
   1.1750000E-09    2.3190500E-11
   1.2375000E-09    2.3794500E-11
   1.3125000E-09    2.4519300E-11
   1.3875000E-09    2.5244100E-11
   1.4625000E-09    2.5968900E-11
   1.5500000E-09    2.6738700E-11
   1.6500000E-09    2.7553400E-11
   1.7500000E-09    2.8368200E-11
   1.8500000E-09    2.9182900E-11
   1.9500000E-09    2.9997600E-11
   2.0500000E-09    3.0732300E-11
   2.1500000E-09    3.1386800E-11
   2.2500000E-09    3.2041200E-11
   2.3500000E-09    3.2695700E-11
   2.4750000E-09    3.3513800E-11
   2.6250000E-09    3.4495600E-11
   2.7500000E-09    3.5313700E-11
   2.9000000E-09    3.6295400E-11
   3.1000000E-09    3.7604400E-11
   3.3000000E-09    3.8913300E-11
   3.5000000E-09    4.0189600E-11
   3.7000000E-09    4.1269400E-11
   3.9000000E-09    4.2316500E-11
   4.1250000E-09    4.3494400E-11
   4.3750000E-09    4.4803300E-11
   4.6250000E-09    4.6112100E-11
   4.8750000E-09    4.7421000E-11
   5.1250000E-09    4.8615600E-11
   5.3750000E-09    4.9696100E-11
   5.6250000E-09    5.0776600E-11
   5.8750000E-09    5.1857000E-11
   6.1500000E-09    5.3045500E-11
   6.4500000E-09    5.4342100E-11
   6.7500000E-09    5.5638700E-11
   7.0500000E-09    5.6935200E-11
   7.4000000E-09    5.8439300E-11
   7.8000000E-09    5.9973100E-11
   8.2000000E-09    6.1430500E-11
   8.6000000E-09    6.2887900E-11
   9.0000000E-09    6.4345200E-11
   9.4000000E-09    6.5802600E-11
   9.8000000E-09    6.7260000E-11
   1.0250000E-08    6.8752700E-11
   1.0750000E-08    7.0280700E-11
   1.1250000E-08    7.1808800E-11
   1.1750000E-08    7.3336800E-11
   1.2375000E-08    7.5246800E-11
   1.3125000E-08    7.7538800E-11
   1.3875000E-08    7.9830900E-11
   1.4625000E-08    8.2122900E-11
   1.5500000E-08    8.4557100E-11
   1.6500000E-08    8.7133500E-11
   1.7500000E-08    8.9709900E-11
   1.8500000E-08    9.2286200E-11
   1.9500000E-08    9.4862600E-11
   2.0500000E-08    9.7185600E-11
   2.1500000E-08    9.9255200E-11
   2.2500000E-08    1.0132500E-10
   2.3500000E-08    1.0339500E-10
   2.4750000E-08    1.0598200E-10
   2.6250000E-08    1.0908600E-10
   2.7500000E-08    1.1167300E-10
   2.9000000E-08    1.1477700E-10
   3.1000000E-08    1.1891700E-10
   3.3000000E-08    1.2305600E-10
   3.5000000E-08    1.2709200E-10
   3.7000000E-08    1.3050600E-10
   3.9000000E-08    1.3381700E-10
   4.1250000E-08    1.3754100E-10
   4.3750000E-08    1.4167900E-10
   4.6250000E-08    1.4581800E-10
   4.8750000E-08    1.4995600E-10
   5.1250000E-08    1.5373300E-10
   5.3750000E-08    1.5715000E-10
   5.6250000E-08    1.6056700E-10
   5.8750000E-08    1.6398300E-10
   6.1500000E-08    1.6774100E-10
   6.4500000E-08    1.7184100E-10
   6.7500000E-08    1.7594200E-10
   7.0500000E-08    1.8004100E-10
   7.4000000E-08    1.8479700E-10
   7.8000000E-08    1.8964700E-10
   8.2000000E-08    1.9425600E-10
   8.6000000E-08    1.9886400E-10
   9.0000000E-08    2.0347200E-10
   9.4000000E-08    2.0808100E-10
   9.8000000E-08    2.1268900E-10
   1.0250000E-07    2.1740900E-10
   1.0750000E-07    2.2224100E-10
   1.1250000E-07    2.2707300E-10
   1.1750000E-07    2.3190500E-10
   1.2375000E-07    2.3794500E-10
   1.3125000E-07    2.4519300E-10
   1.3875000E-07    2.5244100E-10
   1.4625000E-07    2.5968900E-10
   1.5500000E-07    2.6738700E-10
   1.6500000E-07    2.7553400E-10
   1.7500000E-07    2.8368200E-10
   1.8500000E-07    2.9182900E-10
   1.9500000E-07    2.9997600E-10
   2.0500000E-07    3.0732300E-10
   2.1500000E-07    3.1386800E-10
   2.2500000E-07    3.2041200E-10
   2.3500000E-07    3.2695700E-10
   2.4750000E-07    3.3513800E-10
   2.6250000E-07    3.4495600E-10
   2.7500000E-07    3.5313700E-10
   2.9000000E-07    3.6295400E-10
   3.1000000E-07    3.7604400E-10
   3.3000000E-07    3.8913300E-10
   3.5000000E-07    4.0189600E-10
   3.7000000E-07    4.1269400E-10
   3.9000000E-07    4.2316500E-10
   4.1250000E-07    4.3494400E-10
   4.3750000E-07    4.4803300E-10
   4.6250000E-07    4.6112100E-10
   4.8750000E-07    4.7421000E-10
   5.1250000E-07    4.8615600E-10
   5.3750000E-07    4.9696100E-10
   5.6250000E-07    5.0776600E-10
   5.8750000E-07    5.1857000E-10
   6.1500000E-07    5.3045500E-10
   6.4500000E-07    5.4342100E-10
   6.7500000E-07    5.5638700E-10
   7.0500000E-07    5.6935200E-10
   7.4000000E-07    5.8439300E-10
   7.8000000E-07    5.9973100E-10
   8.2000000E-07    6.1430500E-10
   8.6000000E-07    6.2887900E-10
   9.0000000E-07    6.4345200E-10
   9.4000000E-07    6.5802600E-10
   9.8000000E-07    6.7260000E-10
   1.0250000E-06    6.8752700E-10
   1.0750000E-06    7.0280700E-10
   1.1250000E-06    7.1808800E-10
   1.1750000E-06    7.3336800E-10
   1.2375000E-06    7.5246800E-10
   1.3125000E-06    7.7538800E-10
   1.3875000E-06    7.9830900E-10
   1.4625000E-06    8.2122900E-10
   1.5500000E-06    8.4557100E-10
   1.6500000E-06    8.7133500E-10
   1.7500000E-06    8.9709900E-10
   1.8500000E-06    9.2286200E-10
   1.9500000E-06    9.4862600E-10
   2.0500000E-06    9.7185600E-10
   2.1500000E-06    9.9255300E-10
   2.2500000E-06    1.0132490E-09
   2.3500000E-06    1.0339460E-09
   2.4750000E-06    1.0598170E-09
   2.6250000E-06    1.0908610E-09
   2.7500000E-06    1.1167320E-09
   2.9000000E-06    1.1477770E-09
   3.1000000E-06    1.1891700E-09
   3.3000000E-06    1.2305630E-09
   3.5000000E-06    1.2709200E-09
   3.7000000E-06    1.3050660E-09
   3.9000000E-06    1.3381760E-09
   4.1250000E-06    1.3754240E-09
   4.3750000E-06    1.4168100E-09
   4.6250000E-06    1.4581980E-09
   4.8750000E-06    1.4995840E-09
   5.1250000E-06    1.5373610E-09
   5.3750000E-06    1.5715290E-09
   5.6250000E-06    1.6056960E-09
   5.8750000E-06    1.6398630E-09
   6.1500000E-06    1.6774460E-09
   6.4500000E-06    1.7184470E-09
   6.7500000E-06    1.7594470E-09
   7.0500000E-06    1.8004480E-09
   7.4000000E-06    1.8480130E-09
   7.8000000E-06    1.8965130E-09
   8.2000000E-06    1.9425990E-09
   8.6000000E-06    1.9886850E-09
   9.0000000E-06    2.0347720E-09
   9.4000000E-06    2.0808570E-09
   9.8000000E-06    2.1269440E-09
   1.0250000E-05    2.1741460E-09
   1.0750000E-05    2.2224660E-09
   1.1250000E-05    2.2707840E-09
   1.1750000E-05    2.3191030E-09
   1.2375000E-05    2.3795020E-09
   1.3125000E-05    2.4519800E-09
   1.3875000E-05    2.5244580E-09
   1.4625000E-05    2.5969370E-09
   1.5500000E-05    2.6739100E-09
   1.6500000E-05    2.7553780E-09
   1.7500000E-05    2.8368470E-09
   1.8500000E-05    2.9183150E-09
   1.9500000E-05    2.9997830E-09
   2.0500000E-05    3.0732390E-09
   2.1500000E-05    3.1386830E-09
   2.2500000E-05    3.2041270E-09
   2.3500000E-05    3.2695730E-09
   2.4750000E-05    3.3513780E-09
   2.6250000E-05    3.4495440E-09
   2.7500000E-05    3.5313490E-09
   2.9000000E-05    3.6295170E-09
   3.1000000E-05    3.7604060E-09
   3.3000000E-05    3.8912940E-09
   3.5000000E-05    4.0189080E-09
   3.7000000E-05    4.1268760E-09
   3.9000000E-05    4.2315690E-09
   4.1250000E-05    4.3493470E-09
   4.3750000E-05    4.4802130E-09
   4.6250000E-05    4.6110780E-09
   4.8750000E-05    4.7419440E-09
   5.1250000E-05    4.8613920E-09
   5.3750000E-05    4.9694250E-09
   5.6250000E-05    5.0774580E-09
   5.8750000E-05    5.1854900E-09
   6.1500000E-05    5.3043250E-09
   6.4500000E-05    5.4339630E-09
   6.7500000E-05    5.5636030E-09
   7.0500000E-05    5.6932420E-09
   7.4000000E-05    5.8436380E-09
   7.8000000E-05    5.9969830E-09
   8.2000000E-05    6.1426950E-09
   8.6000000E-05    6.2884070E-09
   9.0000000E-05    6.4341200E-09
   9.4000000E-05    6.5798320E-09
   9.8000000E-05    6.7255450E-09
   1.0250000E-04    6.8747780E-09
   1.0750000E-04    7.0275380E-09
   1.1250000E-04    7.1802970E-09
   1.1750000E-04    7.3330560E-09
   1.2375000E-04    7.5240030E-09
   1.3125000E-04    7.7531410E-09
   1.3875000E-04    7.9822790E-09
   1.4625000E-04    8.2114180E-09
   1.5500000E-04    8.4547530E-09
   1.6500000E-04    8.7122860E-09
   1.7500000E-04    8.9698200E-09
   1.8500000E-04    9.2273540E-09
   1.9500000E-04    9.4848880E-09
   2.0500000E-04    9.7170730E-09
   2.1500000E-04    9.9239130E-09
   2.2500000E-04    1.0130750E-08
   2.3500000E-04    1.0337590E-08
   2.4750000E-04    1.0596140E-08
   2.6250000E-04    1.0906390E-08
   2.7500000E-04    1.1164940E-08
   2.9000000E-04    1.1475200E-08
   3.1000000E-04    1.1888880E-08
   3.3000000E-04    1.2302550E-08
   3.5000000E-04    1.2705870E-08
   3.7000000E-04    1.3047020E-08
   3.9000000E-04    1.3377800E-08
   4.1250000E-04    1.3749920E-08
   4.3750000E-04    1.4163400E-08
   4.6250000E-04    1.4576880E-08
   4.8750000E-04    1.4990350E-08
   5.1250000E-04    1.5367680E-08
   5.3750000E-04    1.5708880E-08
   5.6250000E-04    1.6050070E-08
   5.8750000E-04    1.6391260E-08
   6.1500000E-04    1.6766580E-08
   6.4500000E-04    1.7176010E-08
   6.7500000E-04    1.7585440E-08
   7.0500000E-04    1.7994880E-08
   7.4000000E-04    1.8469860E-08
   7.8000000E-04    1.8953990E-08
   8.2000000E-04    1.9413950E-08
   8.6000000E-04    1.9873910E-08
   9.0000000E-04    2.0333870E-08
   9.4000000E-04    2.0793830E-08
   9.8000000E-04    2.1253790E-08
   1.0250000E-03    2.1724690E-08
   1.0750000E-03    2.2206530E-08
   1.1250000E-03    2.2688370E-08
   1.1750000E-03    2.3170200E-08
   1.2375000E-03    2.3772500E-08
   1.3125000E-03    2.4495260E-08
   1.3875000E-03    2.5218020E-08
   1.4625000E-03    2.5940770E-08
   1.5500000E-03    2.6707890E-08
   1.6500000E-03    2.7519380E-08
   1.7500000E-03    2.8330860E-08
   1.8500000E-03    2.9142350E-08
   1.9500000E-03    2.9953830E-08
   2.0500000E-03    3.0684800E-08
   2.1500000E-03    3.1335250E-08
   2.2500000E-03    3.1985700E-08
   2.3500000E-03    3.2636160E-08
   2.4750000E-03    3.3449220E-08
   2.6250000E-03    3.4424890E-08
   2.7500000E-03    3.5237950E-08
   2.9000000E-03    3.6213640E-08
   3.1000000E-03    3.7514550E-08
   3.3000000E-03    3.8815440E-08
   3.5000000E-03    4.0083360E-08
   3.7000000E-03    4.1153350E-08
   3.9000000E-03    4.2190340E-08
   4.1250000E-03    4.3356950E-08
   4.3750000E-03    4.4653180E-08
   4.6250000E-03    4.5949420E-08
   4.8750000E-03    4.7245650E-08
   5.1250000E-03    4.8426420E-08
   5.3750000E-03    4.9491720E-08
   5.6250000E-03    5.0557010E-08
   5.8750000E-03    5.1622310E-08
   6.1500000E-03    5.2794120E-08
   6.4500000E-03    5.4072470E-08
   6.7500000E-03    5.5350830E-08
   7.0500000E-03    5.6629180E-08
   7.4000000E-03    5.8111970E-08
   7.8000000E-03    5.9618210E-08
   8.2000000E-03    6.1046910E-08
   8.6000000E-03    6.2475590E-08
   9.0000000E-03    6.3904290E-08
   9.4000000E-03    6.5332970E-08
   9.8000000E-03    6.6761670E-08
   1.0250000E-02    6.8237490E-08
   1.0750000E-02    6.9760440E-08
   1.1250000E-02    7.1283390E-08
   1.1750000E-02    7.2806360E-08
   1.2375000E-02    7.4710040E-08
   1.3125000E-02    7.6994460E-08
   1.3875000E-02    7.9209400E-08
   1.4625000E-02    8.1198480E-08
   1.5500000E-02    8.3498790E-08
   1.6500000E-02    8.6127720E-08
   1.7500000E-02    8.8706810E-08
   1.8500000E-02    9.0986880E-08
   1.9500000E-02    9.3217120E-08
   2.0500000E-02    9.5447340E-08
   2.1500000E-02    9.7677580E-08
   2.2500000E-02    9.9907820E-08
   2.3500000E-02    1.0213810E-07
   2.4750000E-02    1.0490700E-07
   2.6250000E-02    1.0798210E-07
   2.7500000E-02    1.1043570E-07
   2.9000000E-02    1.1329240E-07
   3.1000000E-02    1.1698190E-07
   3.3000000E-02    1.2053880E-07
   3.5000000E-02    1.2397650E-07
   3.7000000E-02    1.2730320E-07
   3.9000000E-02    1.3052800E-07
   4.1250000E-02    1.3404140E-07
   4.3750000E-02    1.3781840E-07
   4.6250000E-02    1.4146970E-07
   4.8750000E-02    1.4500630E-07
   5.1250000E-02    1.4843490E-07
   5.3750000E-02    1.5176370E-07
   5.6250000E-02    1.5499910E-07
   5.8750000E-02    1.5814730E-07
   6.1500000E-02    1.6151370E-07
   6.4500000E-02    1.6508140E-07
   6.7500000E-02    1.6854560E-07
   7.0500000E-02    1.7191200E-07
   7.4000000E-02    1.7572090E-07
   7.8000000E-02    1.7993520E-07
   8.2000000E-02    1.8400780E-07
   8.6000000E-02    1.8794860E-07
   9.0000000E-02    1.9176580E-07
   9.4000000E-02    1.9546680E-07
   9.8000000E-02    1.9905840E-07
   1.0250000E-01    2.0297410E-07
   1.0750000E-01    2.0718370E-07
   1.1250000E-01    2.1125080E-07
   1.1750000E-01    2.1518550E-07
   1.2375000E-01    2.1992180E-07
   1.3125000E-01    2.2537220E-07
   1.3875000E-01    2.3057990E-07
   1.4625000E-01    2.3556240E-07
   1.5500000E-01    2.4110360E-07
   1.6500000E-01    2.4712380E-07
   1.7500000E-01    2.5282580E-07
   1.8500000E-01    2.5823620E-07
   1.9500000E-01    2.6337420E-07
   2.0500000E-01    2.6825990E-07
   2.1500000E-01    2.7290990E-07
   2.2500000E-01    2.7733840E-07
   2.3500000E-01    2.8155860E-07
   2.4750000E-01    2.8654930E-07
   2.6250000E-01    2.9217620E-07
   2.7500000E-01    2.9658040E-07
   2.9000000E-01    3.0151350E-07
   3.1000000E-01    3.0760450E-07
   3.3000000E-01    3.1315810E-07
   3.5000000E-01    3.1822030E-07
   3.7000000E-01    3.2282840E-07
   3.9000000E-01    3.2701850E-07
   4.1250000E-01    3.3126260E-07
   4.3750000E-01    3.3545750E-07
   4.6250000E-01    3.3914220E-07
   4.8750000E-01    3.4235450E-07
   5.1250000E-01    3.4513300E-07
   5.3750000E-01    3.4751010E-07
   5.6250000E-01    3.4951520E-07
   5.8750000E-01    3.5117420E-07
   6.1500000E-01    3.5262310E-07
   6.4500000E-01    3.5380140E-07
   6.7500000E-01    3.5458470E-07
   7.0500000E-01    3.5500520E-07
   7.4000000E-01    3.5506570E-07
   7.8000000E-01    3.5463830E-07
   8.2000000E-01    3.5372300E-07
   8.6000000E-01    3.5236730E-07
   9.0000000E-01    3.5061360E-07
   9.4000000E-01    3.4850240E-07
   9.8000000E-01    3.4606770E-07
   1.0500000E+00    3.4107460E-07
   1.1500000E+00    3.3277960E-07
   1.2500000E+00    3.2333640E-07
   1.3500000E+00    3.1304250E-07
   1.4500000E+00    3.0213980E-07
   1.5500000E+00    2.9082460E-07
   1.6500000E+00    2.7926070E-07
   1.7500000E+00    2.6757870E-07
   1.8500000E+00    2.5588860E-07
   1.9500000E+00    2.4427930E-07
   2.0500000E+00    2.3282270E-07
   2.1500000E+00    2.2157670E-07
   2.2500000E+00    2.1058870E-07
   2.3500000E+00    1.9989480E-07
   2.4500000E+00    1.8952420E-07
   2.5500000E+00    1.7949450E-07
   2.6500000E+00    1.6982480E-07
   2.7500000E+00    1.6052450E-07
   2.8500000E+00    1.5159420E-07
   2.9500000E+00    1.4304410E-07
   3.0500000E+00    1.3486650E-07
   3.1500000E+00    1.2705980E-07
   3.2500000E+00    1.1962370E-07
   3.3500000E+00    1.1254210E-07
   3.4500000E+00    1.0580990E-07
   3.5500000E+00    9.9424500E-08
   3.6500000E+00    9.3368560E-08
   3.7500000E+00    8.7631550E-08
   3.8500000E+00    8.2202490E-08
   3.9500000E+00    7.7070030E-08
   4.0500000E+00    7.2222660E-08
   4.1500000E+00    6.7648390E-08
   4.2500000E+00    6.3335370E-08
   4.3500000E+00    5.9271910E-08
   4.4500000E+00    5.5445560E-08
   4.5500000E+00    5.1845190E-08
   4.6500000E+00    4.8459820E-08
   4.7500000E+00    4.5278510E-08
   4.8500000E+00    4.2291270E-08
   4.9500000E+00    3.9487730E-08
   5.0500000E+00    3.6859090E-08
   5.1500000E+00    3.4396120E-08
   5.2500000E+00    3.2083620E-08
   5.3500000E+00    2.9916710E-08
   5.4500000E+00    2.7889940E-08
   5.5500000E+00    2.5996390E-08
   5.6500000E+00    2.4226310E-08
   5.7500000E+00    2.2563370E-08
   5.8500000E+00    2.1012140E-08
   5.9500000E+00    1.9568210E-08
   6.0500000E+00    1.8217140E-08
   6.1500000E+00    1.6949730E-08
   6.2500000E+00    1.5773740E-08
   6.3500000E+00    1.4678720E-08
   6.4500000E+00    1.3647650E-08
   6.5500000E+00    1.2694260E-08
   6.6500000E+00    1.1806720E-08
   6.7500000E+00    1.0971010E-08
   6.8500000E+00    1.0202800E-08
   6.9500000E+00    9.4808870E-09
   7.0500000E+00    8.8081780E-09
   7.1500000E+00    8.1897050E-09
   7.2500000E+00    7.6031190E-09
   7.3500000E+00    7.0674950E-09
   7.4500000E+00    6.5622940E-09
   7.5500000E+00    6.0948760E-09
   7.6500000E+00    5.6629530E-09
   7.7500000E+00    5.2552040E-09
   7.8500000E+00    4.8844870E-09
   7.9500000E+00    4.5307160E-09
   8.0500000E+00    4.2114960E-09
   8.1500000E+00    3.9056960E-09
   8.2500000E+00    3.6304830E-09
   8.3500000E+00    3.3666080E-09
   8.4500000E+00    3.1294070E-09
   8.5500000E+00    2.9017520E-09
   8.6500000E+00    2.6975740E-09
   8.7500000E+00    2.5010730E-09
   8.8500000E+00    2.3255610E-09
   8.9500000E+00    2.1559170E-09
   9.0500000E+00    2.0051040E-09
   9.1500000E+00    1.8590650E-09
   9.2500000E+00    1.7313450E-09
   9.3500000E+00    1.6082590E-09
   9.4500000E+00    1.4980630E-09
   9.5500000E+00    1.3931840E-09
   9.6500000E+00    1.2965650E-09
   9.7500000E+00    1.2076620E-09
   9.8500000E+00    1.1212890E-09
   9.9500000E+00    1.0450380E-09
   1.0050000E+01    9.7281800E-10
   1.0150000E+01    9.0539900E-10
   1.0250000E+01    8.4280200E-10
   1.0350000E+01    7.8385700E-10
   1.0450000E+01    7.2856900E-10
   1.0550000E+01    6.7704700E-10
   1.0650000E+01    6.2929400E-10
   1.0750000E+01    5.8479500E-10
   1.0850000E+01    5.4355100E-10
   1.0950000E+01    5.0511400E-10
   1.1050000E+01    4.6948500E-10
   1.1150000E+01    4.3628600E-10
   1.1250000E+01    4.0551700E-10
   1.1350000E+01    3.7684200E-10
   1.1450000E+01    3.5026300E-10
   1.1550000E+01    3.2549300E-10
   1.1650000E+01    3.0253400E-10
   1.1750000E+01    2.8113900E-10
   1.1850000E+01    2.6130900E-10
   1.1950000E+01    2.4283200E-10
   1.2050000E+01    2.2570800E-10
   1.2150000E+01    2.0974900E-10
   1.2250000E+01    1.9495400E-10
   1.2350000E+01    1.8116700E-10
   1.2450000E+01    1.6838700E-10
   1.2550000E+01    1.5648000E-10
   1.2650000E+01    1.4544500E-10
   1.2750000E+01    1.3516000E-10
   1.2850000E+01    1.2562500E-10
   1.2950000E+01    1.1674000E-10
   1.3050000E+01    1.0850500E-10
   1.3150000E+01    1.0070400E-10
   1.3250000E+01    9.3716200E-11
   1.3350000E+01    8.7106400E-11
   1.3450000E+01    8.0842500E-11
   1.3550000E+01    7.5230300E-11
   1.3650000E+01    6.9924000E-11
   1.3750000E+01    6.4979200E-11
   1.3850000E+01    6.0396400E-11
   1.3950000E+01    5.6125400E-11
   1.4050000E+01    5.2166600E-11
   1.4150000E+01    4.8415100E-11
   1.4250000E+01    4.5054100E-11
   1.4350000E+01    4.1876200E-11
   1.4450000E+01    3.8915000E-11
   1.4550000E+01    3.6170600E-11
   1.4650000E+01    3.3674700E-11
   1.4750000E+01    3.1427500E-11
   1.4850000E+01    2.9180400E-11
   1.4950000E+01    2.6996100E-11
   1.5050000E+01    2.5192100E-11
   1.5150000E+01    2.3451200E-11
   1.5250000E+01    2.1710200E-11
   1.5350000E+01    2.0166800E-11
   1.5450000E+01    1.8821000E-11
   1.5550000E+01    1.7475300E-11
   1.5650000E+01    1.6167300E-11
   1.5750000E+01    1.5087100E-11
   1.5850000E+01    1.4044600E-11
   1.5950000E+01    1.3002100E-11
   1.6050000E+01    1.2077800E-11
   1.6150000E+01    1.1271800E-11
   1.6250000E+01    1.0465900E-11
   1.6350000E+01    9.6824600E-12
   1.6450000E+01    9.0355500E-12
   1.6550000E+01    8.4112500E-12
   1.6650000E+01    7.7869600E-12
   1.6750000E+01    7.2334000E-12
   1.6850000E+01    6.7506600E-12
   1.6950000E+01    6.2679200E-12
   1.7050000E+01    5.7987100E-12
   1.7150000E+01    5.4112700E-12
   1.7250000E+01    5.0373800E-12
   1.7350000E+01    4.6634900E-12
   1.7450000E+01    4.3319700E-12
   1.7550000E+01    4.0428700E-12
   1.7650000E+01    3.7537600E-12
   1.7750000E+01    3.4727500E-12
   1.7850000E+01    3.2407400E-12
   1.7950000E+01    3.0168300E-12
   1.8050000E+01    2.7929200E-12
   1.8150000E+01    2.5943800E-12
   1.8250000E+01    2.4212300E-12
   1.8350000E+01    2.2480700E-12
   1.8450000E+01    2.0797700E-12
   1.8550000E+01    1.9408200E-12
   1.8650000E+01    1.8067300E-12
   1.8750000E+01    1.6726300E-12
   1.8850000E+01    1.5537300E-12
   1.8950000E+01    1.4500300E-12
   1.9050000E+01    1.3463400E-12
   1.9150000E+01    1.2455400E-12
   1.9250000E+01    1.1623300E-12
   1.9350000E+01    1.0820300E-12
   1.9450000E+01    1.0017300E-12
   1.9550000E+01    9.2940600E-13
   1.9650000E+01    8.6506500E-13
   1.9750000E+01    8.0205500E-13
   1.9850000E+01    7.4712200E-13
   1.9950000E+01    6.9352400E-13
